1555674804 01:49.55888289774366 02:48.83634458145873
1555674940 01:49.55995045735058 02:48.83479289961347
1555675240 01:49.53713920783654 02:48.8560628330611
1555675540 01:49.5013901487496 02:48.89137173634619
1555675840 01:49.47867692356334 02:48.91379434793899
1555676140 01:49.47478458928234 02:48.91620442130383
1555676440 01:49.46669887051737 02:48.922661770121536
1555676740 01:49.47030190659241 02:48.91828072231326
1555677040 01:49.458454377133535 02:48.92852169343052
1555677340 01:49.463616708951555 02:48.92218243194582
1555677640 01:49.45221203449655 02:48.93274369371557
1555677940 01:49.44106506249562 02:48.943336058400334
1555678240 01:49.42391106789765 02:48.96031421923147
1555678540 01:49.387478257429414 02:48.99629370871861
1555678840 01:49.36493651502811 02:49.01932421882144
1555679006 01:49.36092278412342 02:49.02311407032345
1555679306 01:49.345977376983036 02:49.03690827902634
1555679607 01:49.34643463121569 02:49.03666881153746
1555679907 01:49.34979089772994 02:49.032856513325
1555680206 01:49.343609364592915 02:49.037811659431895
1555680508 01:49.332058334014874 02:49.04907465852643
1555680808 01:49.33181824414985 02:49.049365984450425
1555681108 01:49.32933461872271 02:49.0499211148834
1555681408 01:49.33111505541787 02:49.04828231113172
1555681708 01:49.31324558131584 02:49.066706539286244
1555682008 01:49.30264367854355 02:49.07721087775537
1555682308 01:49.30811683602574 02:49.070641240157705
1555682608 01:49.29737606337674 02:49.08168489272452
1555682908 01:49.268809076815245 02:49.11060846876892
1555683208 01:49.25150114051363 02:49.12781721356084
1555683507 01:49.26302831109782 02:49.11715842397472
1555683807 01:49.23176887999437 02:49.14565249125456
1555684107 01:49.21872544799356 02:49.15754988632194
1555684407 01:49.2045937197355 02:49.1677025028089
1555684707 01:49.18609389052208 02:49.18512745408205
1555685008 01:49.165386039140344 02:49.20622507926895
1555685308 01:49.14240264203687 02:49.22917399240538
1555685608 01:49.130687274163385 02:49.240702477064666
1555685908 01:49.11342918824454 02:49.25851447351739
1555686208 01:49.10537812809681 02:49.26661691023945
1555686507 01:49.11598222624742 02:49.256567732496755
1555686807 01:49.124702221135564 02:49.247396558826075
1555687107 01:49.14440266265665 02:49.226818122701985
1555687408 01:49.16387523598513 02:49.20692177065824
1555687707 01:49.177792181871425 02:49.192455281841966
1555688007 01:49.20933321309691 02:49.16059681337114
1555688318 01:49.226175957100686 02:49.143652651789424
1555688607 01:49.236967447413065 02:49.13232292225821
1555688907 01:49.25073026905007 02:49.11663277805231
1555689207 01:49.257498627446644 02:49.109636356153075
1555689507 01:49.26208712080283 02:49.10471438653124
1555689807 01:49.25147763650893 02:49.114500708481415
1555690107 01:49.258738922632475 02:49.10790797093229
1555690407 01:49.27448093534388 02:49.09243094732964
1555690707 01:49.290034258779954 02:49.07649046502977
1555691008 01:49.29698187429999 02:49.06820305929905
1555691307 01:49.30861937093009 02:49.0553497057291
1555691608 01:49.321410350250424 02:49.04194289239132
1555691908 01:49.34147095881733 02:49.02106044164994
1555692210 01:49.34688020613336 02:49.01528936065269
1555692508 01:49.34957808256872 02:49.01211374736711
1555692807 01:49.35538872359871 02:49.00547657942143
1555693107 01:49.35171458633777 02:49.00871888134769
1555693407 01:49.34931393444138 02:49.01084707018589
1555693707 01:49.330315384747905 02:49.0292501846948
1555694007 01:49.319793424440405 02:49.03954467243024
1555694307 01:49.31175218610707 02:49.04746332733052
1555694608 01:49.30095074090451 02:49.05840830758551
1555694908 01:49.28815723351704 02:49.07146386149201
1555695208 01:49.27914993117992 02:49.080809259721335
1555695507 01:49.27646681188217 02:49.083852715800504
1555695807 01:49.26564716075198 02:49.09366205563455
1555696107 01:49.26423320418123 02:49.094262694885025
1555696407 01:49.24271195239807 02:49.114462281857755
1555696707 01:49.2416384441613 02:49.11547330320297
1555697007 01:49.23306444417536 02:49.12415517395211
1555697307 01:49.22028335536873 02:49.13660125544038
1555697607 01:49.20898954424773 02:49.146924569194454
1555697907 01:49.20650207225654 02:49.1494435327963
1555698207 01:49.20277724715552 02:49.15331531796374
1555698507 01:49.203141932033574 02:49.153008510207755
1555698807 01:49.202014444192024 02:49.1531480979494
1555699108 01:49.20482899736226 02:49.15016493993272
1555699407 01:49.21317569856626 02:49.14162245669155
1555699707 01:49.215490435960376 02:49.14042948773144
1555700007 01:49.21333879386556 02:49.142132009679315
1555700307 01:49.20936611589302 02:49.14567004411907
1555700607 01:49.204894970178344 02:49.149930737207406
1555700907 01:49.19893952541779 02:49.15544365104566
1555701207 01:49.19004202760133 02:49.16490979656915
1555701507 01:49.18904514883883 02:49.16629683512371
1555701808 01:49.19273048229023 02:49.16238274024056
1555702108 01:49.19572498097377 02:49.159452412326296
1555702408 01:49.20137057534813 02:49.153962456913035
1555702708 01:49.20247214262088 02:49.15263732658953
1555703008 01:49.20612262011323 02:49.14847685296234
1555703308 01:49.20534466045429 02:49.14930658729888
1555703607 01:49.20829005015301 02:49.14641383644787
1555703907 01:49.20237879164516 02:49.15214741329789
1555704207 01:49.19904726525796 02:49.155567209803166
1555704508 01:49.19540372620191 02:49.15838269309389
1555704808 01:49.19386793084073 02:49.159868976992236
1555705108 01:49.18714516934201 02:49.166215780449164
1555705408 01:49.18987759288704 02:49.162917252187356
1555705708 01:49.18408992777421 02:49.16869412004008
1555706008 01:49.17897491163156 02:49.173830662336606
1555706309 01:49.17401992688342 02:49.178948353089076
1555706608 01:49.163926136082175 02:49.18896485049242
1555706908 01:49.162884537385544 02:49.18975051408683
1555707208 01:49.16503957765829 02:49.18743274575538
1555707508 01:49.16919028770822 02:49.183106181740804
1555707808 01:49.17276928306414 02:49.17893208305529
1555708110 01:49.17694091385796 02:49.17423724899695
1555708409 01:49.17873780292245 02:49.17201772945734
1555708709 01:49.18311827396135 02:49.16715344039762
1555709007 01:49.18543572600384 02:49.16470090866327
1555709307 01:49.18586087231702 02:49.16434444109894
1555709607 01:49.18527134401202 02:49.16484291700666
1555709907 01:49.186737516976834 02:49.163435279185265
1555710207 01:49.183200834425854 02:49.16724192234633
1555710507 01:49.17994067069015 02:49.170391509847796
1555710807 01:49.172927349273515 02:49.17730283780591
1555711107 01:49.16894354677242 02:49.1813472315856
1555711407 01:49.16183820263967 02:49.18855309448454
1555711707 01:49.15988069669186 02:49.190664453040526
1555712007 01:49.15418482333477 02:49.196554894660586
1555712307 01:49.14852024902779 02:49.201908451553024
1555712607 01:49.14270069376282 02:49.207443234767226
1555712907 01:49.13531631986871 02:49.21427476297918
1555713207 01:49.12742858727854 02:49.221535733693074
1555713507 01:49.117821748695775 02:49.23067616916065
1555713807 01:49.11576908525457 02:49.23239240563557
1555714107 01:49.11482736675288 02:49.23350404617197
1555714407 01:49.1152787201205 02:49.232546160754815
1555714707 01:49.114682019499384 02:49.23296423372497
1555715007 01:49.11710508817092 02:49.23015615997438
1555715308 01:49.11767770431899 02:49.229400194149115
1555715607 01:49.119018272389056 02:49.22741909965354
1555715907 01:49.1203416686497 02:49.22611410715515
1555716208 01:49.12545506083488 02:49.22018437624073
1555716507 01:49.12605538168634 02:49.21981138509267
1555716807 01:49.12541612803587 02:49.220660769390264
1555717107 01:49.12429470077569 02:49.22191390519051
1555717407 01:49.12492414089833 02:49.2212742856501
1555717707 01:49.11904622043141 02:49.226771098353424
1555718009 01:49.11995557821683 02:49.22614104405882
1555718309 01:49.11320318505194 02:49.23275131288874
1555718609 01:49.1056970950456 02:49.240020682523266
1555718909 01:49.09444813667755 02:49.251043271062464
1555719208 01:49.085083439151504 02:49.26016440999449
1555719508 01:49.077476895416304 02:49.26769200291752
1555719807 01:49.07119611816977 02:49.27420859890752
1555720107 01:49.06575687235807 02:49.27971289593002
1555720407 01:49.052258919028326 02:49.29286191791278
1555720708 01:49.04679848428592 02:49.29848101913273
1555721007 01:49.03592117334066 02:49.30921752709915
1555721307 01:49.029879822496476 02:49.31470846586436
1555721608 01:49.024867495837206 02:49.31979926388332
1555721907 01:49.01409676353064 02:49.330591829538164
1555722207 01:49.0088364026145 02:49.336000791419174
1555722510 01:48.99824721242028 02:49.3465200923104
1555722809 01:48.99012765816012 02:49.35439703746652
1555723109 01:48.97835066194423 02:49.36612256952183
1555723407 01:48.97096599459873 02:49.37355660165898
1555723707 01:48.95654607389966 02:49.387818122414316
1555724007 01:48.937048443029084 02:49.406797026821316
1555724308 01:48.93358933817293 02:49.41004177243894
1555724607 01:48.92535193985037 02:49.41862552752032
1555724907 01:48.931839613607636 02:49.41195729693151
1555725208 01:48.93227388275048 02:49.41141684891516
1555725507 01:48.93561077987157 02:49.408044890475026
1555725807 01:48.94320341764935 02:49.400441559017274
1555726108 01:48.944763254367004 02:49.399208806111034
1555726407 01:48.948986728145414 02:49.39492278236544
1555726707 01:48.9481134099517 02:49.395750919889295
1555727007 01:48.95224845263048 02:49.39152360479138
1555727307 01:48.943192310094894 02:49.400503493655236
1555727607 01:48.93140414061121 02:49.41261459543409
1555727909 01:48.918755029807784 02:49.42449683020287
1555728209 01:48.91209352711709 02:49.43094986883486
1555728509 01:48.915492111898715 02:49.42719106967632
1555728808 01:48.914563993183855 02:49.427639751107336
1555729108 01:48.91717988744584 02:49.424716700786874
1555729408 01:48.92335559893172 02:49.417952977444926
1555729709 01:48.921220750530594 02:49.419894228190415
1555730009 01:48.91999547339536 02:49.420722128988075
1555730309 01:48.91273060899069 02:49.427672589208726
1555730609 01:48.911019463686515 02:49.42932376542282
1555730909 01:48.911585610785295 02:49.428569019078175
1555731209 01:48.91338494731934 02:49.42576042577107
1555731509 01:48.910920075233086 02:49.42885736536474
1555731809 01:48.91217684183313 02:49.42721148091685
1555732109 01:48.90404129292537 02:49.4344361472263
1555732409 01:48.9025862043179 02:49.43537797159417
1555732709 01:48.91727567250363 02:49.41923002779802
1555742308 01:49.01679601282069 02:49.310889460503624
1555742609 01:49.03707369376057 02:49.29019354306596
1555742909 01:49.082290738636466 02:49.24494239703879
1555743209 01:49.11874284400841 02:49.20858086398838
1555743508 01:49.14063085795879 02:49.18635574624448
1555743808 01:49.15896268610815 02:49.166244573157165
1555744108 01:49.174620048738355 02:49.149213850450316
1555744409 01:49.18918874414821 02:49.134289379261745
1555744708 01:49.204689840910035 02:49.118405707142514
1555745008 01:49.21436306906507 02:49.1081576809664
1555745308 01:49.22845505275601 02:49.09387293224571
1555745608 01:49.242252187308225 02:49.079474431678925
1555745908 01:49.24711992303209 02:49.07128300103062
1555746209 01:49.28574935396204 02:49.0323332849977
1555746509 01:49.302732994061074 02:49.01511314805599
1555746809 01:49.308117901463056 02:49.00979265291279
1555747109 01:49.314471635348426 02:49.003109409406655
1555747408 01:49.323507700938876 02:48.99399322399559
1555747708 01:49.33558792982855 02:48.98097427831729
1555748009 01:49.34925891281622 02:48.96601985162531
1555748309 01:49.35052653294434 02:48.964539045940626
1555748609 01:49.345690269234744 02:48.96873990706557
1555748909 01:49.35357849424648 02:48.96032589614534
1555749209 01:49.359454497181765 02:48.9541454540496
1555749510 01:49.36455963639334 02:48.94912733807915
1555749809 01:49.36619453341584 02:48.94692643735395
1555750109 01:49.360628603474055 02:48.95216754439368
1555750409 01:49.36652457314407 02:48.94622139483503
1555750709 01:49.37247209124892 02:48.93951534382751
1555751009 01:49.39738196535844 02:48.91342001689055
1555751309 01:49.41965859949155 02:48.88988025903563
1555751609 01:49.43517509381444 02:48.87425846077587
1555751909 01:49.47166972152443 02:48.83774314020354
1555752210 01:49.47539867263193 02:48.83295733857763
1555752510 01:49.48933709768921 02:48.816773831619834
1555752810 01:49.494866072800626 02:48.8102452530461
1555753110 01:49.508726434445876 02:48.79570426225735
1555753409 01:49.53019668057866 02:48.77385774797801
1555753709 01:49.53465156634166 02:48.76788381644069
1555754008 01:49.5361849612027 02:48.76588555574004
1555754308 01:49.54679504687823 02:48.754819225705546
1555754608 01:49.559764302498834 02:48.740544646701416
1555754908 01:49.56999736425976 02:48.72962440158691
1555755208 01:49.581710625120486 02:48.717286933765024
1555755508 01:49.58739983371313 02:48.71129992903106
1555755808 01:49.58771617920483 02:48.70916904195726
1555756108 01:49.59343733390381 02:48.702942267716374
1555756408 01:49.59848467201118 02:48.697501696925336
1555756709 01:49.59711543044102 02:48.69756385935122
1555757008 01:49.59743877697968 02:48.697028448180916
1555757308 01:49.58950587518736 02:48.705071123788514
1555757608 01:49.589373262365235 02:48.704865396412636
1555757908 01:49.60492289955765 02:48.68894364368833
1555758208 01:49.612693882503244 02:48.68050564159269
1555758509 01:49.61586100880992 02:48.677187719514656
1555758808 01:49.62400540976228 02:48.66909694573078
1555759108 01:49.63452409983094 02:48.65798439157128
1555759409 01:49.642267653244424 02:48.649393344124896
1555759709 01:49.65671260006887 02:48.634772562776796
1555760009 01:49.66536921206227 02:48.625273472145324
1555760308 01:49.671730948975934 02:48.617918267002835
1555760608 01:49.6759169114286 02:48.61281785826558
1555760908 01:49.68796606532058 02:48.60046273466784
1555761209 01:49.68643992354186 02:48.602146718438426
1555761509 01:49.690554975615605 02:48.59820603849591
1555761809 01:49.67867349085361 02:48.61025750443698
1555762110 01:49.67313679211024 02:48.616098885292686
1555762409 01:49.6677743098732 02:48.621682340007396
1555762709 01:49.65628850636013 02:48.633418668789254
1555763008 01:49.65891144625494 02:48.63033983895691
1555763308 01:49.65541969968305 02:48.63313531867414
1555763608 01:49.66668252426082 02:48.622048047619685
1555763908 01:49.660745994997754 02:48.62747190172448
1555764208 01:49.64853312040024 02:48.63848203480545
1555764508 01:49.647795635952036 02:48.636790279731635
1555764809 01:49.64611865156145 02:48.637757657395994
1555765109 01:49.64665746798926 02:48.63717789862411
1555765409 01:49.63234388177041 02:48.6518294905334
1555765708 01:49.641534494641334 02:48.64262849676057
1555766008 01:49.64409592320718 02:48.640113740171785
1555766308 01:49.63904330424963 02:48.645045519387736
1555766609 01:49.63164624809976 02:48.65221360193033
1555766908 01:49.626002549622136 02:48.656631564836616
1555767208 01:49.61999806503314 02:48.66264217899174
1555767508 01:49.62994309672638 02:48.652331770949466
1555767808 01:49.632635513746294 02:48.64911066257642
1555768108 01:49.639596638205305 02:48.64047935968921
1555768415 01:49.63478047853074 02:48.64500270214135
1555768708 01:49.63364499132994 02:48.64605219301252
1555769008 01:49.63103969923751 02:48.64856271521175
1555769308 01:49.61722697354744 02:48.66193402135656
1555769608 01:49.612183459733174 02:48.66605746096322
1555769908 01:49.60963002892041 02:48.667948207535844
1555770208 01:49.61511800807668 02:48.66164072317982
1555770508 01:49.622510916197534 02:48.65374621136759
1555770808 01:49.617315126742106 02:48.65881147871708
1555771109 01:49.6151214217634 02:48.66053571120232
1555771409 01:49.609149733397885 02:48.66585937315048
1555771709 01:49.60463596383591 02:48.66982302888673
1555772009 01:49.59710540975493 02:48.67617395430553
1555772309 01:49.598075719415625 02:48.674280050328655
1555772609 01:49.600408865777545 02:48.67135317365791
1555772911 01:49.59938085165078 02:48.671693171421424
1555773210 01:49.597976302810956 02:48.67261545204772
1555773510 01:49.60864843977355 02:48.66127238459813
1555773808 01:49.61022513247351 02:48.65877783414573
1555774108 01:49.618537474098616 02:48.64925368508311
1555774408 01:49.62395307395934 02:48.643254775679864
1555774709 01:49.63152662585589 02:48.635044106332764
1555775009 01:49.6308609335718 02:48.63558089997729
1555775309 01:49.63674986440558 02:48.62865735391146
1555775609 01:49.63882280800907 02:48.626141929758646
1555775908 01:49.63251880395639 02:48.631391006954814
1555776208 01:49.632353941887544 02:48.631380117611286
1555776509 01:49.635105145924825 02:48.62863856923653
1555776808 01:49.63393714610177 02:48.628464926133866
1555777108 01:49.641272404969314 02:48.62110356328735
1555777409 01:49.64035104159508 02:48.6212045171998
1555777708 01:49.637000333656594 02:48.623806865841985
1555778008 01:49.626808022158976 02:48.63241356458655
1555778610 01:49.61349882213406 02:48.64425797345747
1555778910 01:49.605711040938985 02:48.65109893614417
1555779210 01:49.59259708336548 02:48.66379476637162
1555779509 01:49.587218658340056 02:48.66875703614333
1555779809 01:49.57884940509708 02:48.6755998496497
1555780109 01:49.57104955915133 02:48.683046290225576
1555780409 01:49.56910197381926 02:48.68466080612362
1555780708 01:49.56339191613818 02:48.68984727356638
1555781008 01:49.565900730857635 02:48.68667417182846
1555781309 01:49.56276397317539 02:48.689467202531944
1555781608 01:49.55720066799972 02:48.69400018800548
1555781909 01:49.55593148368688 02:48.69533638684733
1555782209 01:49.55614275091558 02:48.695436936699885
1555782509 01:49.5626881755966 02:48.689086641606686
1555782809 01:49.56210362710887 02:48.68941665012186
1555783108 01:49.56311336102461 02:48.687869966560974
1555783409 01:49.565097671573675 02:48.685314103079506
1555783709 01:49.567520978444776 02:48.682426130149295
1555784009 01:49.56763706600121 02:48.681629735991635
1555784309 01:49.570710456264806 02:48.678206845459435
1555784610 01:49.57224161334438 02:48.67663087106626
1555784910 01:49.57256902065483 02:48.67628367711011
1555785214 01:49.56869927616449 02:48.6796655757203
1555785510 01:49.571108894724695 02:48.67720704133086
1555785809 01:49.56921427884776 02:48.679304745983195
1555786109 01:49.567862336813626 02:48.68081244846857
1555786410 01:49.566294692939216 02:48.68239840253458
1555786710 01:49.56679651829072 02:48.682182893427
1555787010 01:49.566878056162864 02:48.682050005672664
1555787310 01:49.56563421340223 02:48.682959767577316
1555787610 01:49.56749227843408 02:48.680618947260854
1555787910 01:49.57247790541332 02:48.67547328942858
1555788210 01:49.572656729560855 02:48.675285157750935
1555788510 01:49.57226593102748 02:48.67549639814437
1555788810 01:49.57363174218702 02:48.673979500284084
1555789110 01:49.57721397011212 02:48.670304622521314
1555789409 01:49.58014382752839 02:48.66732708198628
1555789709 01:49.58213683882114 02:48.66524964487903
1555790009 01:49.58319993807403 02:48.66407401124107
1555790309 01:49.58377842641688 02:48.66324459511853
1555790609 01:49.58478126419017 02:48.66223315740328
1555790909 01:49.58598189856184 02:48.661216804609865
1555791209 01:49.58399589652176 02:48.66335132149348
1555791509 01:49.5795926849403 02:48.66791801386295
1555791809 01:49.57729735792692 02:48.67022160081781
1555792109 01:49.584318343039776 02:48.66339433420737
1555792409 01:49.580720653821444 02:48.66706404497303
1555792709 01:49.580464833750185 02:48.66740885102864
1555793009 01:49.58180348317559 02:48.66566192383754
1555793309 01:49.583080406764964 02:48.66433303331009
1555793609 01:49.57994948034251 02:48.66763439346738
1555793909 01:49.57879876012253 02:48.668870303476155
1555794209 01:49.58094580545111 02:48.66675904531226
1555794509 01:49.58057631458488 02:48.6670011275158
1555794809 01:49.574433332844464 02:48.673281391397246
1555795109 01:49.573701018297214 02:48.673729806449884
1555795409 01:49.576863457965445 02:48.67056777841435
1555795709 01:49.57721427163024 02:48.67015473785706
1555796009 01:49.582887066770304 02:48.66432367524876
1555796309 01:49.58637275669277 02:48.66070356982794
1555796609 01:49.59265578668731 02:48.6543504722907
1555796909 01:49.59624670131718 02:48.65073231527142
1555797209 01:49.60212495719853 02:48.645095301503424
1555797509 01:49.606867987083426 02:48.6402417704116
1555797809 01:49.61459529101393 02:48.632207098094774
1555798109 01:49.61751907300352 02:48.62897628636935
1555798409 01:49.617852272675734 02:48.628338323069705
1555798709 01:49.61909311668989 02:48.62718991291747
1555799009 01:49.62119212853744 02:48.62503045550777
1555799309 01:49.62421897701494 02:48.621561130665874
1555799609 01:49.6274655453316 02:48.61826132212265
1555799909 01:49.627191629618075 02:48.61838668003737
1555800209 01:49.629614653323934 02:48.6157810766983
1555800509 01:49.62598312773724 02:48.61936111664602
1555800809 01:49.624017019985665 02:48.62142011219966
1555801109 01:49.62072469845866 02:48.62464700807955
1555801409 01:49.61446300384381 02:48.63104744413705
1555801709 01:49.608202711554696 02:48.63708928469121
1555802010 01:49.603566971591675 02:48.641858473206476
1555802309 01:49.5997948441257 02:48.64566352234917
1555802609 01:49.5953163232281 02:48.65024689704293
1555802910 01:49.59449838131953 02:48.65111728108856
1555803209 01:49.590896847339934 02:48.65459126499714
1555803509 01:49.583511830153874 02:48.662143997272686
1555803810 01:49.58625096819303 02:48.659238162892024
1555804110 01:49.59392875309499 02:48.65148062728648
1555804410 01:49.593966683302455 02:48.6507596328939
