1555891322 01:50.303865604803455 02:47.84768181792448
1555891922 01:50.30157192601688 02:47.84913781498844
1555892522 01:50.29758038502455 02:47.85272632363961
1555893122 01:50.2957821356469 02:47.85442171338524
1555893722 01:50.2909832808142 02:47.85850690535647
1555894322 01:50.286318715812584 02:47.86251348478691
1555894922 01:50.29422477436404 02:47.85246309316574
1555895522 01:50.30633413918585 02:47.83782917508454
1555896122 01:50.328453697402466 02:47.8147071664979
1555896722 01:50.343380793744345 02:47.79823134631982
1555897322 01:50.371467366029435 02:47.768773103692666
1555897922 01:50.39292984166336 02:47.746713247583386
1555898522 01:50.40838050052032 02:47.730189793916786
1555899122 01:50.43099656327653 02:47.70607025512775
1555899722 01:50.45546038703337 02:47.680381027075455
1555900321 01:50.48021511925014 02:47.65565025443642
1555900921 01:50.50161286398236 02:47.631813823649786
1555901521 01:50.51124523367785 02:47.62043642604154
1555902122 01:50.52242282001607 02:47.60723598592841
1555902722 01:50.534783736342725 02:47.594159203830365
1555903321 01:50.534062470907884 02:47.594143553698196
1555903922 01:50.530376765883176 02:47.59755435718159
1555904522 01:50.53339027893213 02:47.59419282134072
1555905121 01:50.538370228884446 02:47.58905699060454
1555905721 01:50.54788673582172 02:47.57937152866707
1555906321 01:50.56219735433507 02:47.564685218356665
1555906921 01:50.578158809401565 02:47.54732752198759
1555907522 01:50.583725075435495 02:47.540596448328714
1555908122 01:50.58392762605693 02:47.539219306526135
1555908722 01:50.58664135389003 02:47.53556497225843
1555909322 01:50.58768498027501 02:47.53284818907025
1555909922 01:50.597918891934846 02:47.52150140962701
1555910523 01:50.60688035499089 02:47.51085942450778
1555911123 01:50.61004448053098 02:47.506966844603504
1555911721 01:50.613882503901934 02:47.50124826807745
1555912321 01:50.61881888052171 02:47.495416948782406
1555912922 01:50.632055388100184 02:47.48094918438192
1555913522 01:50.64228546988689 02:47.47038301360657
1555914122 01:50.64375513767286 02:47.468245690587686
1555914721 01:50.656426280870946 02:47.45446083189197
1555915321 01:50.67330602286284 02:47.43689247939922
1555915923 01:50.69499212943141 02:47.41423466129098
1555916522 01:50.722907984259656 02:47.383973306326425
1555917121 01:50.74102815912662 02:47.364167703494445
1555917721 01:50.75254274216058 02:47.351622456564044
1555918322 01:50.760368069998485 02:47.3383257932757
1555918921 01:50.78307263369853 02:47.314325856543554
1555919522 01:50.806981979877996 02:47.29019029024634
1555920122 01:50.83060307799323 02:47.266358495401974
1555920721 01:50.843422080641865 02:47.25331131224871
1555921321 01:50.8680458598324 02:47.228292470284956
1555921921 01:50.88385458007442 02:47.21255274163836
1555922521 01:50.89255851411274 02:47.20343419023664
1555923121 01:50.89675203812744 02:47.19906696415904
1555923721 01:50.920591511037216 02:47.17300983007778
1555924323 01:50.926782992641265 02:47.165575253204516
1555924922 01:50.94206959402414 02:47.148297723591725
1555925522 01:50.97690258989223 02:47.11307787828359
1555926122 01:50.99719271568573 02:47.092755025060846
1555926722 01:51.0059922542609 02:47.08409604249816
1555927321 01:51.02121076031163 02:47.06818289578523
1555927921 01:51.04443928381954 02:47.042841757509315
1555928521 01:51.0508443502864 02:47.03570009491515
1555929126 01:51.064051580043525 02:47.0226808094575
1555929722 01:51.07550083042921 02:47.01099805360899
1555930322 01:51.08382399934362 02:47.00091421855455
1555930922 01:51.08666255298356 02:46.997535604367016
1555931523 01:51.105089823765596 02:46.978111142873345
1555932122 01:51.115588798728915 02:46.966738321991734
1555932721 01:51.12587596070895 02:46.95615498636461
1555933322 01:51.130211317678686 02:46.951789335350234
1555933922 01:51.13175062553178 02:46.94916521471095
1555934521 01:51.14120058840099 02:46.9392763350699
1555935121 01:51.1639381144521 02:46.91622204120392
1555935721 01:51.174109257293885 02:46.90588238159653
1555936321 01:51.18723638831118 02:46.89345149213405
1555936922 01:51.20277677686933 02:46.87670392163575
1555937522 01:51.216478970071414 02:46.863396062903085
1555938122 01:51.23455052744775 02:46.844435502663224
1555938723 01:51.262814170190275 02:46.814743225923465
1555939322 01:51.2969261788968 02:46.77990892844714
1555939921 01:51.33227060598985 02:46.74474328991806
1555940521 01:51.3586855213256 02:46.71745325318646
1555941121 01:51.39625148492107 02:46.678900003132426
1555941721 01:51.42940281272589 02:46.643939697964534
1555942323 01:51.45946802388484 02:46.61300349394907
1555942922 01:51.47909154145022 02:46.591995799790595
1555943521 01:51.50368350446703 02:46.56627257590309
1555944121 01:51.50865740081982 02:46.56130796342004
1555944721 01:51.53154459945145 02:46.53673127876108
1555945322 01:51.54309240710848 02:46.52485800607107
1555945922 01:51.555564153141276 02:46.51186261080651
1555946522 01:51.57341604094816 02:46.494172099617806
1555947122 01:51.582620723788274 02:46.4848160696633
1555947722 01:51.593593476930955 02:46.47249753013963
1555948321 01:51.59941072250408 02:46.46574157023909
1555948922 01:51.61258972691027 02:46.45189137038005
1555949521 01:51.60967574271743 02:46.45454659307043
1555950121 01:51.59804761309796 02:46.46638761088679
1555950721 01:51.60426719256653 02:46.458718650873806
1555951321 01:51.60908235019662 02:46.45305938812238
1555951922 01:51.60919536882799 02:46.45210173755685
1555952521 01:51.61714829970767 02:46.44365788210405
1555953122 01:51.61941466669765 02:46.44083671687477
1555953722 01:51.61229157698759 02:46.44780495472879
1555954322 01:51.617225929110354 02:46.44290812190859
1555954922 01:51.623261611207106 02:46.43697580651501
1555955523 01:51.63217637406138 02:46.42779013878352
1555956122 01:51.636803140446894 02:46.422555713615786
1555956723 01:51.64277350081339 02:46.41623567206836
1555957323 01:51.64055460134506 02:46.41850325998348
1555957923 01:51.64755425488317 02:46.41099068353948
1555958523 01:51.654490195734226 02:46.4036039617767
1555959123 01:51.660783085591035 02:46.3970504796104
1555959723 01:51.66423575811403 02:46.392916773787555
1555960322 01:51.665630383421515 02:46.39145271439758
1555960922 01:51.66288720146789 02:46.39413429085728
1555961522 01:51.66463259822026 02:46.39240778572151
1555962122 01:51.66614673819896 02:46.39062780643207
1555962722 01:51.66970101755661 02:46.38696404729709
1555963921 01:51.66913029858282 02:46.3875192882074
1555964521 01:51.670780197461795 02:46.38588902453549
1555965121 01:51.67479821486963 02:46.38179795165514
1555965725 01:51.67456520623188 02:46.38207522762406
1555966322 01:51.672988303925194 02:46.38369782926633
1555966922 01:51.67631050034864 02:46.38012760912659
1555967522 01:51.67869307376039 02:46.377569987790274
1555968122 01:51.68533925445515 02:46.370384314223834
1555968721 01:51.6854127109329 02:46.369880629747904
1555969323 01:51.685876097016205 02:46.36899853347294
1555969922 01:51.68775112624083 02:46.36726375583669
1555970522 01:51.689601737419444 02:46.365513309761226
1555971121 01:51.692154431748214 02:46.36307818114096
1555971721 01:51.69456323239715 02:46.36057624770909
1555972322 01:51.700472517045206 02:46.354541177595905
1555972922 01:51.70545207558892 02:46.34913198432671
1555973522 01:51.716589484696485 02:46.33755754513282
1555974121 01:51.72861938189488 02:46.32432746957362
1555974723 01:51.7289182154376 02:46.32314086653153
1555975322 01:51.736131715637114 02:46.3155314022189
1555975923 01:51.73820153733314 02:46.31415976336575
1555976523 01:51.74226713196688 02:46.30967027693823
1555977123 01:51.742686244083615 02:46.30926357132576
1555977721 01:51.74930322755402 02:46.30218758306659
1555978321 01:51.74590307711377 02:46.30573852381
1555978921 01:51.75378899441758 02:46.29716905644591
1555979521 01:51.772353813532646 02:46.27823901734823
1555980122 01:51.7867417895547 02:46.26407838626826
1555980721 01:51.801932432102774 02:46.248535008555464
1555981322 01:51.813748198761 02:46.23661327140949
1555981922 01:51.81729441767005 02:46.232200280130165
1555982522 01:51.817898972112864 02:46.231289214425544
1555983122 01:51.81699592664063 02:46.231868907289
1555983722 01:51.81687163181417 02:46.23169753761433
1555984323 01:51.81976064499633 02:46.228783373672805
1555984923 01:51.82029292487071 02:46.228583399464256
1555985522 01:51.819289698454995 02:46.22922932115612
1555986122 01:51.81726166589375 02:46.2310639762834
1555986721 01:51.81726053266525 02:46.2304770076042
1555987324 01:51.81945149414198 02:46.2278621918579
1555987923 01:51.822085262969594 02:46.22404874455346
1555988522 01:51.80871619059906 02:46.23646351223458
1555989121 01:51.78634920393217 02:46.257234806093564
1555989722 01:51.78153657923923 02:46.261222851549014
1555990321 01:51.77791451300815 02:46.26393134339533
1555990922 01:51.77997680118654 02:46.26002198901365
1555991522 01:51.78686955250312 02:46.25144761531164
1555992122 01:51.79032156345584 02:46.24559047170362
1555992721 01:51.7810824629364 02:46.25396589741057
1555993322 01:51.78090945926049 02:46.25277813064877
1555993921 01:51.78366000276549 02:46.24919080222092
1555994521 01:51.781637506123765 02:46.25064571268998
1555995121 01:51.773062721162525 02:46.25935626194706
1555995722 01:51.76018495229411 02:46.27149177404814
1555996322 01:51.75932936477352 02:46.27304144411172
1555996923 01:51.747853043705206 02:46.283878790926956
1555997523 01:51.75162086719822 02:46.28034123423374
1555998123 01:51.75484689134363 02:46.27670450482234
1555998723 01:51.75917091551786 02:46.272590713940204
1555999323 01:51.769141715207354 02:46.26264667231679
1555999923 01:51.78571239173041 02:46.24623381306682
1556000523 01:51.78740155338303 02:46.2431824886531
1556001123 01:51.791086636445186 02:46.23875518982178
1556001723 01:51.78193545895387 02:46.24742845760354
1556002322 01:51.780764990641096 02:46.24773375792988
1556002921 01:51.79583132369577 02:46.23160833265405
1556003523 01:51.793334471002375 02:46.23262938537921
1556004123 01:51.78844458719237 02:46.23625857273982
1556004723 01:51.79197024782399 02:46.23205278463304
1556005322 01:51.78237083292384 02:46.24105801743726
1556005923 01:51.775189800766285 02:46.24795702650674
1556006521 01:51.77956444419619 02:46.2433622756666
1556007122 01:51.78313157270771 02:46.238923608808356
1556007721 01:51.7732009502055 02:46.24770407062609
1556008321 01:51.77800892485781 02:46.24186041362864
1556008921 01:51.79676981870147 02:46.22281944828487
1556009522 01:51.79494128987723 02:46.2237291168352
1556010121 01:51.7990849207487 02:46.21902358004705
1556010724 01:51.79758605215058 02:46.22064643170566
1556011323 01:51.79827086678007 02:46.21964036653361
1556011922 01:51.80114940986784 02:46.21722621025767
1556012522 01:51.807724077818484 02:46.21041730464477
1556013122 01:51.829030161521125 02:46.18898792159096
1556013722 01:51.85132669223318 02:46.16658106912139
1556014323 01:51.871116009897875 02:46.14458388842895
1556014921 01:51.886754659395464 02:46.12916031663241
1556015522 01:51.899961898459644 02:46.116204030556126
1556016121 01:51.922920147824314 02:46.092892045794876
1556016722 01:51.94177560987319 02:46.07367087109239
1556017323 01:51.946550346160514 02:46.06827143365675
1556017922 01:51.948154109889764 02:46.0664150751587
1556018522 01:51.959566957792006 02:46.05412015370963
1556019123 01:51.96188465697973 02:46.05055495670513
1556019723 01:51.95048733282525 02:46.06186615781468
1556020340 01:51.942161428676314 02:46.06895363295443
1556020923 01:51.936072839974344 02:46.074053090971134
1556021523 01:51.937211359689385 02:46.071974503549825
1556022123 01:51.91132189567055 02:46.09807171625661
1556022723 01:51.895660965830814 02:46.11300772440105
1556023322 01:51.88435495927784 02:46.12389925716248
1556023921 01:51.875028704796314 02:46.132840981221726
1556024522 01:51.86196929645567 02:46.145473480265274
1556025122 01:51.84889113340378 02:46.15782986877691
1556025723 01:51.83505393399397 02:46.17051626831344
1556026323 01:51.8229329190717 02:46.18277529335023
1556026923 01:51.818162278612355 02:46.18674087162677
1556027523 01:51.79953261706773 02:46.20497520154673
1556028122 01:51.78772962246136 02:46.21584690421845
1556028722 01:51.78428417719986 02:46.21879848887839
1556029322 01:51.771204252093185 02:46.23076954995235
1556029922 01:51.75866042638745 02:46.24285279707547
1556030524 01:51.74043201788018 02:46.26036238066098
1556031123 01:51.72547017857785 02:46.275368813180926
1556031723 01:51.712069303172115 02:46.28840366207907
1556032323 01:51.69196121865174 02:46.307161763712706
1556032922 01:51.68667076949397 02:46.31118086308526
1556033522 01:51.67800606828929 02:46.31948615756357
1556034125 01:51.66279366028398 02:46.33458662457971
1556034723 01:51.64144893497655 02:46.3553650085728
1556035323 01:51.62748742405008 02:46.368846885151434
1556035923 01:51.6167414550395 02:46.38014046246063
1556036523 01:51.59487858928684 02:46.40222348569809
1556037123 01:51.572187518243915 02:46.42497018423226
1556037723 01:51.55852708858237 02:46.43854036351798
1556038322 01:51.5488296269774 02:46.44803775381819
1556038922 01:51.531443986170125 02:46.465600540512966
1556039530 01:51.500611397792284 02:46.49698122340061
1556040123 01:51.471662299422846 02:46.52625839503301
1556040723 01:51.45423416485693 02:46.543725319989726
1556041323 01:51.44720899325643 02:46.550827706205034
1556041922 01:51.4451037704512 02:46.55285898585772
1556042523 01:51.43892301362134 02:46.55896156830078
1556043122 01:51.427879924614494 02:46.57036855391919
1556043723 01:51.41017001576109 02:46.58807290244248
1556044323 01:51.39892461430693 02:46.5995009256134
1556044923 01:51.385107588812595 02:46.61388376760933
1556045523 01:51.36466139243508 02:46.63468987767047
1556046123 01:51.34764387762725 02:46.65266055831663
1556046723 01:51.33184462667854 02:46.66914500479875
1556047323 01:51.312058226749905 02:46.6887882719313
1556047923 01:51.29702967869132 02:46.7040280267418
1556048523 01:51.28634168341328 02:46.71499517087359
1556049123 01:51.27653140090184 02:46.724002266290135
1556049723 01:51.27500727823222 02:46.72577441793884
1556050322 01:51.265529199745515 02:46.73530720432754
1556050922 01:51.26084282508635 02:46.74018402826673
1556051522 01:51.24980534999708 02:46.751432785313405
1556052122 01:51.243120807877176 02:46.75813944445532
1556052722 01:51.23784744916213 02:46.764933420061624
1556053322 01:51.2313150779952 02:46.77097925994232
1556053922 01:51.223421540884516 02:46.778644017594154
1556054522 01:51.21270825513356 02:46.789527649002046
1556055123 01:51.19063727581311 02:46.81162714101026
1556055722 01:51.17254704531096 02:46.82949892066405
1556056323 01:51.152932946000426 02:46.84944988645601
1556056922 01:51.13615008278052 02:46.86624836745164
1556057523 01:51.125067434461336 02:46.877753722039515
1556058123 01:51.109829729439305 02:46.89246480719474
1556058723 01:51.105584694468455 02:46.89546311240593
1556059322 01:51.085728807406525 02:46.91496672897312
1556059922 01:51.073815376036556 02:46.92685336057205
1556060522 01:51.06650102690904 02:46.93401053033578
1556061122 01:51.06384257030043 02:46.93627971100872
1556061722 01:51.062396967834566 02:46.93791686072332
1556062322 01:51.07445867335317 02:46.92586160934199
1556062922 01:51.08680118660012 02:46.91371794454798
1556063522 01:51.09738000948475 02:46.90280605244292
1556064122 01:51.100895735177986 02:46.89954682248582
1556064722 01:51.10482559621785 02:46.895420414219274
1556065322 01:51.10434993645083 02:46.89520090347309
1556065922 01:51.11070540519718 02:46.88807656401037
1556066522 01:51.10911278519171 02:46.88932987411788
1556067123 01:51.11047773932573 02:46.88758944240754
1556067722 01:51.11223404805278 02:46.884614328248276
1556068323 01:51.11291997917831 02:46.88340566078224
1556068922 01:51.11438120972339 02:46.88195405052164
1556069522 01:51.12526276525625 02:46.87087172570193
1556070122 01:51.12372406840062 02:46.87216107102358
1556070723 01:51.1243813833013 02:46.870034632644945
1556071322 01:51.12796076095879 02:46.8662339555299
1556071926 01:51.12962915908162 02:46.86338047027472
1556072523 01:51.12615817826721 02:46.86613630281229
1556073123 01:51.13413019978964 02:46.85780664670838
1556073722 01:51.14626941742879 02:46.84493793079578
1556074322 01:51.14992046566568 02:46.84049673642072
1556074922 01:51.15538990289883 02:46.83456233456452
1556075524 01:51.164669346683525 02:46.824534056665364
1556076123 01:51.17139850943986 02:46.817887541940294
1556076723 01:51.17365489522025 02:46.81442646524267
1556077325 01:51.171799668045416 02:46.81643159674492
1556077925 01:51.17447916166863 02:46.81344890823103
1556078525 01:51.173140914418944 02:46.81417002741899
1556079124 01:51.16841567845897 02:46.81819783390353
1556079724 01:51.16114935762517 02:46.82492023149065
1556080324 01:51.15733044438284 02:46.82791245920586
1556080924 01:51.15845799850198 02:46.825982292342175
1556081524 01:51.155093008924965 02:46.828227105514294
1556082124 01:51.149218861922755 02:46.833295920640396
1556082725 01:51.14963236001382 02:46.83253525960749
1556083324 01:51.158067078032744 02:46.823630774168144
1556083925 01:51.171864770893336 02:46.80993029199061
1556084525 01:51.19360866792421 02:46.787387672779744
1556085126 01:51.211172882575326 02:46.76903543699121
1556085724 01:51.22465639954362 02:46.75428589341848
1556086324 01:51.23581918417421 02:46.74286573935479
1556086924 01:51.248469847313736 02:46.72978598738754
1556087525 01:51.25515766861158 02:46.722583013185876
1556088125 01:51.257731943852136 02:46.719844262655926
1556088725 01:51.26449181018611 02:46.71199088010847
1556089325 01:51.28113079698121 02:46.69336087236083
1556089925 01:51.29276620988128 02:46.681032185374576
1556090525 01:51.30596563082428 02:46.66811679991038
1556091125 01:51.315640166534514 02:46.65829406502853
1556091727 01:51.33277627991153 02:46.63981511573236
1556092326 01:51.34059546638136 02:46.63140387050794
1556092924 01:51.347848968083255 02:46.6239090372424
1556093524 01:51.36250220915019 02:46.60926982158625
1556094124 01:51.3893019759482 02:46.581341248789776
1556094724 01:51.40492380622832 02:46.564787281565735
1556095324 01:51.42514033547394 02:46.544005278433275
1556095925 01:51.434950071596205 02:46.53368918485189
1556096525 01:51.446296144326475 02:46.52136556833359
1556097124 01:51.46088938503608 02:46.50715067622029
1556097727 01:51.46206615095584 02:46.50630427502571
1556098324 01:51.4658273689924 02:46.50167530712546
1556098924 01:51.46673056916013 02:46.498851380005476
1556099524 01:51.473832002366706 02:46.490626178012796
1556100125 01:51.47279958369027 02:46.490988615348655
1556100725 01:51.481503252337625 02:46.48189187345307
1556101325 01:51.482165329431496 02:46.48039193060022
1556101925 01:51.502879539303926 02:46.45868998166197
1556102525 01:51.50273256930428 02:46.45812734058064
1556103125 01:51.509091931489436 02:46.44995276721383
1556103724 01:51.52179053829127 02:46.43684586524488
1556104324 01:51.53230486091086 02:46.425752491260184
1556104924 01:51.535208896227516 02:46.4232661668701
1556105524 01:51.53997744475882 02:46.42001133860558
1556106125 01:51.53848068649394 02:46.42098218685932
1556106725 01:51.53408269196697 02:46.42520560120013
1556107324 01:51.537745829979485 02:46.42139686935575
1556107924 01:51.540993936241094 02:46.41830297969769
1556108524 01:51.52835776853569 02:46.429868182762185
1556109124 01:51.516937962282995 02:46.44147160199792
1556109724 01:51.51691906036542 02:46.44091527512083
1556110324 01:51.518586923895946 02:46.440056635149816
1556110925 01:51.52561759788906 02:46.43263011859923
1556111524 01:51.53846019002803 02:46.419294858535274
1556112126 01:51.563110682120225 02:46.39505251413126
1556112725 01:51.58217638918673 02:46.37589746452731
1556113325 01:51.59469038242863 02:46.36317063155475
1556113925 01:51.6110518853545 02:46.3463441807383
1556114524 01:51.63801094089513 02:46.318654060929845
1556115124 01:51.650128220046184 02:46.30647388159897
1556115724 01:51.66746293204984 02:46.28938748965618
1556116325 01:51.671854499448514 02:46.28428186065827
1556116924 01:51.68006596922318 02:46.276389032360555
1556117524 01:51.69321035319804 02:46.26282967236439
1556118124 01:51.70099176013536 02:46.2544982775954
1556118725 01:51.70229215266989 02:46.25347967302521
1556119325 01:51.71481272741406 02:46.24002624612763
1556119925 01:51.71814965740958 02:46.236586964891565
1556120525 01:51.71564947538552 02:46.2388195851513
1556121124 01:51.718545584556885 02:46.23572569753539
1556121724 01:51.7196033386197 02:46.234181987320696
1556122324 01:51.72594026315449 02:46.22731236059023
1556122924 01:51.73994239803476 02:46.212327083996215
1556123526 01:51.74845660811448 02:46.202883333450735
1556124125 01:51.75399903082343 02:46.19693485106557
1556124725 01:51.76606660170444 02:46.184168332688095
1556125325 01:51.7675025952397 02:46.18191712782779
1556125925 01:51.76248878380484 02:46.18656463785895
1556126525 01:51.75545124679072 02:46.19345661846807
1556127125 01:51.75178899351477 02:46.19716896633052
1556127724 01:51.74944972789388 02:46.19904509173408
1556128324 01:51.75188497157539 02:46.19613657633956
1556128924 01:51.74802376911024 02:46.19975838621781
1556129524 01:51.74800135553054 02:46.19958100645667
1556130124 01:51.74316940306755 02:46.204056809648655
1556130724 01:51.736212341080964 02:46.210924272842185
1556131324 01:51.73402108883114 02:46.212972897555154
1556131924 01:51.73040474555675 02:46.21641000663268
1556132527 01:51.73061191280418 02:46.21570844394885
1556133126 01:51.733770609662976 02:46.212241901712595
1556133724 01:51.73552373247814 02:46.210376529823385
1556134324 01:51.742352022797235 02:46.20297113442482
1556134924 01:51.735333866022756 02:46.20991907585103
1556135524 01:51.728557509360265 02:46.21666904069555
1556136124 01:51.720655395883384 02:46.22442277602969
1556136725 01:51.71738380944701 02:46.22725400553032
1556137324 01:51.71176823516917 02:46.23255921158387
1556137924 01:51.709150059082255 02:46.2350238567034
1556138526 01:51.70831063791991 02:46.23501376055193
1556139124 01:51.70696985312193 02:46.23481273630695
1556139724 01:51.70443339849457 02:46.23737191259447
1556140324 01:51.702989087022644 02:46.238773297881565
1556140924 01:51.69739121895576 02:46.24399306187523
1556141525 01:51.69709525208348 02:46.244436044816005
1556142125 01:51.69525688443728 02:46.24597051799444
1556142725 01:51.69885005978349 02:46.24193308678956
1556143324 01:51.69862666602377 02:46.241919796139456
1556143924 01:51.70373088226632 02:46.236930157988574
1556144524 01:51.705514770353524 02:46.23518444511693
1556145124 01:51.706085428649665 02:46.23443201440337
1556145724 01:51.70839763323766 02:46.23178084875039
1556146324 01:51.70991361301136 02:46.23052793710771
1556146924 01:51.71575370544378 02:46.22439852412297
1556147524 01:51.72302253775286 02:46.21626474323267
1556148124 01:51.725026388377835 02:46.21345981849093
1556148725 01:51.728868644314495 02:46.20946745914739
1556149325 01:51.73261483194953 02:46.20587520424798
1556149925 01:51.73331046239312 02:46.20512959144584
1556150524 01:51.7307394754289 02:46.207767655719884
1556151125 01:51.73480859540815 02:46.20325627642063
1556151724 01:51.73319887413267 02:46.20460221457131
1556152324 01:51.735750937510176 02:46.201804310919314
1556152925 01:51.743310571433376 02:46.194031074529164
1556153525 01:51.7429269615534 02:46.19381209653825
1556154125 01:51.74742144338259 02:46.188854328458575
1556154725 01:51.75729503336813 02:46.178328050723735
1556155326 01:51.75919595226757 02:46.17630019614929
1556155926 01:51.756927773423044 02:46.1780181931314
1556156526 01:51.75686779786003 02:46.17797740076308
1556157126 01:51.75645856768304 02:46.17842059631778
1556157726 01:51.75308755552563 02:46.180906685628386
1556158325 01:51.75442060011841 02:46.17970240881959
1556158925 01:51.75364324639572 02:46.180261987614394
1556159525 01:51.755883524472694 02:46.177803838637786
1556160126 01:51.754235221066736 02:46.17931868107164
1556160725 01:51.752279658467884 02:46.18128505474965
1556161325 01:51.75509325439669 02:46.17771442154085
1556161925 01:51.75860105346565 02:46.17387658129133
1556162525 01:51.75090608307823 02:46.181296360447774
1556163126 01:51.73632439216187 02:46.195520602685654
1556163725 01:51.72645711057846 02:46.205183512456394
1556164325 01:51.72059771038672 02:46.21087045190908
1556164924 01:51.713067460000936 02:46.21830937184217
1556165525 01:51.717301734750066 02:46.21288583182494
1556166124 01:51.716196224927835 02:46.21328558151346
1556166724 01:51.726863794744446 02:46.201147208559654
1556167324 01:51.73419587220734 02:46.19225717013507
1556167925 01:51.73203052294533 02:46.193764771299065
1556168525 01:51.72554960585741 02:46.199522586453604
1556169127 01:51.734824244106925 02:46.18923981328832
1556169727 01:51.73865153589402 02:46.18378336713494
1556170326 01:51.74209118951835 02:46.178673999220294
1556170926 01:51.745727012569546 02:46.17436655106357
1556171526 01:51.75412937885082 02:46.16432120901413
1556172125 01:51.761182783658434 02:46.15669114919951
1556172727 01:51.765891161881626 02:46.15130340618094
1556173326 01:51.77003344968099 02:46.14641939488589
1556173926 01:51.76404312139833 02:46.152371486363414
1556174527 01:51.75323421066834 02:46.16298675090054
1556175126 01:51.757336726318606 02:46.1591093290064
1556175726 01:51.753123127337744 02:46.16325457999684
1556176332 01:51.75666010281377 02:46.15986343294354
1556176926 01:51.76966988894311 02:46.14724347913484
1556177525 01:51.769909066359766 02:46.14703934848621
1556178125 01:51.77098670837047 02:46.14617319607923
1556178724 01:51.767285145665774 02:46.14995589403185
1556179324 01:51.76909951221481 02:46.148453984353985
1556179924 01:51.76867116405533 02:46.14894975579455
1556180525 01:51.772633834917556 02:46.144312501309656
1556181124 01:51.78286424158751 02:46.134190196548154
1556181725 01:51.78327592390644 02:46.133303503734666
1556182324 01:51.78565117177423 02:46.13090893623807
1556182925 01:51.788316137882596 02:46.12757549662032
1556183525 01:51.7910675139303 02:46.125068177757186
1556184125 01:51.78750445532244 02:46.128833885595164
1556184724 01:51.79168873910196 02:46.123975070578936
1556185325 01:51.794900064353456 02:46.11987229463585
1556185926 01:51.79289988982293 02:46.120925545906594
1556186525 01:51.79156669181242 02:46.12171736068804
1556187124 01:51.797569668170105 02:46.11552633698454
1556187725 01:51.80460898642413 02:46.1085883051599
1556188325 01:51.80476700305944 02:46.1080993944297
1556188926 01:51.802758584346606 02:46.11107862831131
1556189525 01:51.80028002426666 02:46.11384712005984
1556190125 01:51.793215762210686 02:46.12186690207706
1556190725 01:51.78281065986887 02:46.132267977474285
1556191325 01:51.779502908552 02:46.13590846660372
1556191924 01:51.785966968205855 02:46.12935193987552
1556192525 01:51.79482692803879 02:46.12325420908461
1556193125 01:51.791215425985804 02:46.12810321357809
1556193725 01:51.791176191883324 02:46.12793816407779
1556194325 01:51.80062657262277 02:46.118638976259916
1556194925 01:51.81025383811322 02:46.10813162941964
1556195524 01:51.81753936254043 02:46.10018203209405
1556196125 01:51.82940916486295 02:46.08875840545115
1556196724 01:51.82659046326784 02:46.09292340683269
1556197325 01:51.82609064640458 02:46.09349861552824
1556197924 01:51.83410309632863 02:46.08571884635533
1556198525 01:51.831168425623495 02:46.088365215960174
1556199124 01:51.84161737768333 02:46.0781312933044
1556199726 01:51.850755261098904 02:46.0690229648226
1556200324 01:51.85226352431279 02:46.06770030446331
1556200926 01:51.850357816199896 02:46.06882504751757
1556201526 01:51.8542758748325 02:46.0652058945303
1556202125 01:51.859213324637324 02:46.06033382997872
1556202725 01:51.85648447493082 02:46.06327919887666
1556203326 01:51.85833619156735 02:46.06142648986969
1556203927 01:51.865528940013796 02:46.054654557702506
1556204525 01:51.87510649899155 02:46.04582209869815
1556205125 01:51.878457969053315 02:46.04261420419036
1556205726 01:51.88207986820728 02:46.03894617142011
1556206325 01:51.885629245223576 02:46.03574641045608
1556206926 01:51.88313471885634 02:46.0381290615546
1556207525 01:51.881785024677995 02:46.03907911648008
1556208126 01:51.87739806418631 02:46.043808602289616
1556208726 01:51.87306817823868 02:46.04799611677757
1556209326 01:51.872262857305614 02:46.04861288594241
1556209926 01:51.869730772172716 02:46.04983304481422
1556210525 01:51.8706962594097 02:46.04919808259992
1556211125 01:51.87318175203753 02:46.04718364261227
1556211725 01:51.87663676212138 02:46.04382874780617
1556212325 01:51.88742802442108 02:46.03342305539105
1556212925 01:51.90123315437213 02:46.01969773907298
1556213525 01:51.91650704664094 02:46.00429163485188
1556214125 01:51.92513144426809 02:45.99553831223005
1556214725 01:51.92979315782888 02:45.9907164395674
1556215325 01:51.93677843662618 02:45.98405337961155
1556215925 01:51.93754500565571 02:45.98403096668301
1556216525 01:51.93496218210426 02:45.98660319708868
1556217126 01:51.936150543671644 02:45.985269636461496
1556217725 01:51.94108994005992 02:45.979820489785666
1556218325 01:51.944919265265874 02:45.975713765702366
1556218925 01:51.944127597578714 02:45.97699022578024
1556219525 01:51.94199731505018 02:45.97922659135688
1556220125 01:51.94261786937015 02:45.978243014861164
1556220726 01:51.9429776061945 02:45.977898993944926
1556221325 01:51.942388610489154 02:45.97830675789044
1556221925 01:51.9407833096557 02:45.97991855961699
1556222525 01:51.93913307555934 02:45.980994208804724
1556223125 01:51.93680157287353 02:45.983341526867335
1556223725 01:51.936742792127944 02:45.983486377556744
1556224325 01:51.93674159197524 02:45.9834852738061
1556224925 01:51.940555565008836 02:45.9794640016284
1556225525 01:51.94156657331116 02:45.978695982423154
1556226125 01:51.94118397762245 02:45.97933084641197
1556226725 01:51.939210224946045 02:45.98103985148475
1556227325 01:51.93810567580369 02:45.98193504277395
1556227925 01:51.94095119440535 02:45.978919672622034
1556228525 01:51.94264594392204 02:45.97689073340436
1556229125 01:51.944155857076055 02:45.97517974926772
1556229725 01:51.946228825213616 02:45.97245296871124
1556230325 01:51.940538094517564 02:45.97768817074569
1556230926 01:51.932906345288444 02:45.985122710524344
1556231526 01:51.93261887289774 02:45.98499908593253
1556232126 01:51.92988649443786 02:45.98718746242272
1556232725 01:51.9224026761918 02:45.99426207229219
1556233325 01:51.915875508257955 02:46.00076244593638
1556233925 01:51.913554798052054 02:46.002961674315095
1556234526 01:51.90786091760764 02:46.00882534755591
1556235126 01:51.90692855413914 02:46.00987392794206
1556235726 01:51.90210843753079 02:46.014227420653015
1556236326 01:51.89299663026038 02:46.02329856493794
1556236925 01:51.884863172805865 02:46.0310408307956
1556237525 01:51.87486557132777 02:46.041323423792015
1556238125 01:51.87690621167863 02:46.03993547595082
1556238725 01:51.87767735310589 02:46.03907287648337
1556239325 01:51.879576954757226 02:46.03712176505576
1556239925 01:51.88315217849774 02:46.03328367439408
1556240525 01:51.88871907591561 02:46.02701804386039
1556241125 01:51.87731834440766 02:46.03825317845856
1556241726 01:51.87411389196433 02:46.041453926497525
1556242325 01:51.873634442896176 02:46.04200593061307
1556242926 01:51.87823313082546 02:46.0369405775285
1556243526 01:51.878303794893576 02:46.03664154332639
1556244125 01:51.87483285923305 02:46.04017679001052
1556244725 01:51.87190736489615 02:46.042547871224386
1556245325 01:51.87340512543659 02:46.040917530434285
1556245925 01:51.87319469777165 02:46.04152170370088
1556246525 01:51.87525928529483 02:46.038826169922956
1556247125 01:51.87931693923412 02:46.03574565906735
1556247726 01:51.880493807073556 02:46.03473384798203
1556248326 01:51.88299224740346 02:46.03226322547766
1556248925 01:51.88621408882895 02:46.02971706782867
1556249525 01:51.89035873424495 02:46.025200206894986
1556250125 01:51.902580104226494 02:46.013036029201515
1556250725 01:51.91190542141311 02:46.00436525099152
1556251325 01:51.91911864200742 02:45.99719043509199
1556251925 01:51.92404869829892 02:45.99166890993068
1556252525 01:51.923392726982286 02:45.99208800388438
1556253125 01:51.92440916334405 02:45.99035292608185
1556253725 01:51.92809046639284 02:45.98663475051452
1556254325 01:51.938249214165154 02:45.97637926358599
1556254925 01:51.93496526288893 02:45.97925908411916
1556255525 01:51.93027668440384 02:45.984077514852565
1556256126 01:51.92370273285144 02:45.98997227924207
1556256726 01:51.91239109304726 02:46.00135553755698
1556257326 01:51.917592109126055 02:45.99637585274188
1556257925 01:51.91951778787105 02:45.99504427606428
1556258526 01:51.92267538319278 02:45.99206008615573
1556259126 01:51.91760469368343 02:45.997263815015806
1556259726 01:51.916729019820295 02:45.99872818280537
1556260326 01:51.921389220007654 02:45.994152198055936
1556260926 01:51.91495541524144 02:46.000703450360945
1556261526 01:51.91637932628703 02:45.99960025174995
1556262126 01:51.91275342721375 02:46.00363417597349
1556262726 01:51.91121868879722 02:46.005331741640376
1556263325 01:51.907281570871625 02:46.009175528195975
1556263926 01:51.906224126586295 02:46.010025443967585
1556264526 01:51.91031247799718 02:46.00608958881352
1556265127 01:51.915834428741945 02:46.000419769947335
1556265726 01:51.912286523800475 02:46.003294971996944
1556266325 01:51.92126308276509 02:45.99428969546142
1556266925 01:51.94077319202892 02:45.9738141255256
1556267525 01:51.95832249870407 02:45.95617850904315
1556268125 01:51.97415166227191 02:45.9404352847653
1556268725 01:51.9920975608221 02:45.92223483749267
1556269325 01:51.99806626976255 02:45.915403591405145
1556269925 01:51.99943142917894 02:45.913280566144344
1556270525 01:52.00266121217372 02:45.91011856279304
1556271126 01:52.00722126842952 02:45.905284823670456
1556271725 01:52.016978054517246 02:45.8954552755357
1556272326 01:52.0225935819071 02:45.88951450061354
1556272926 01:52.02398039357443 02:45.88753927536992
1556273525 01:52.0195955626493 02:45.891627873571494
1556274125 01:52.01756860313811 02:45.89356352666597
1556274725 01:52.02429977907773 02:45.88623054459382
1556275325 01:52.03586022640413 02:45.87428320844923
1556275925 01:52.046896850358515 02:45.863217742077104
1556276526 01:52.05389567743172 02:45.85562402955376
1556277126 01:52.05952484740051 02:45.849100936260726
1556277727 01:52.06586636837185 02:45.84237339033481
1556278326 01:52.07603690569885 02:45.832069720891845
1556278926 01:52.08044417784318 02:45.82752257236156
1556279526 01:52.087021905554096 02:45.82058221751767
1556280126 01:52.092312425109114 02:45.81478864740823
1556280726 01:52.0978981082999 02:45.80863436397134
1556281326 01:52.09724273258487 02:45.80807653874241
1556281925 01:52.094908202956326 02:45.809921430119864
1556282525 01:52.092490654827074 02:45.81184240352155
1556283125 01:52.09081937521702 02:45.81332824982399
1556283725 01:52.09455386068468 02:45.80914759164199
1556284326 01:52.10045286317568 02:45.80282055340842
1556284925 01:52.10004306699928 02:45.80350479279628
1556285525 01:52.10819838638052 02:45.79491047195828
1556286125 01:52.118065736062555 02:45.78380585782199
1556286726 01:52.12762053096751 02:45.77350359983306
1556287325 01:52.1272120095037 02:45.77392056249617
1556287925 01:52.12706816960476 02:45.773945268735744
1556288525 01:52.13502774565827 02:45.765947400407505
1556289125 01:52.13373377224332 02:45.76713816198958
1556289725 01:52.137495646398015 02:45.76275855858504
1556290325 01:52.14901631915884 02:45.750865581422865
1556290925 01:52.15267544844519 02:45.74701669920875
1556291526 01:52.15909493559741 02:45.73941673572621
1556292126 01:52.16540069042731 02:45.73245965495386
1556292726 01:52.16215163053863 02:45.73534772644109
1556293326 01:52.16356957802134 02:45.73338850010485
1556293926 01:52.16544030095774 02:45.73196194404842
1556294526 01:52.15993972634896 02:45.73662387301599
1556295127 01:52.16200030827903 02:45.734161574896085
1556295727 01:52.16185976377288 02:45.73373480548933
1556296325 01:52.16286434197933 02:45.732847420611826
1556296925 01:52.16650737940686 02:45.728518699048436
1556297525 01:52.16844523316817 02:45.72611433207799
1556298125 01:52.168061991295644 02:45.72612730970329
1556298725 01:52.175413023812744 02:45.718321247190104
1556299325 01:52.179390378210456 02:45.71384002782135
1556299925 01:52.179006687114594 02:45.7140914248328
1556300525 01:52.181534148260056 02:45.710581982433226
1556301126 01:52.185789952066784 02:45.70597646045718
1556301726 01:52.18744784988741 02:45.70417026611463
1556302325 01:52.19552798029204 02:45.695992479082705
1556302925 01:52.20115949888404 02:45.68986095571915
1556303525 01:52.21278946699629 02:45.67803067425733
1556304125 01:52.21594835238839 02:45.67463956891298
1556304725 01:52.22298340094035 02:45.66773349023148
1556305325 01:52.227162389274795 02:45.66403739029263
1556305926 01:52.2332751745477 02:45.657603809416315
1556306525 01:52.23921381104749 02:45.651586405645375
1556307126 01:52.24637496630534 02:45.64413387015044
1556307726 01:52.25207179444731 02:45.638506594688835
1556308325 01:52.24804466883802 02:45.642062653752276
1556308925 01:52.246879233657005 02:45.64324512974732
1556309525 01:52.251317030109355 02:45.63854340755354
1556310125 01:52.252066010804 02:45.63754502517256
1556310725 01:52.25717210782415 02:45.63236539601866
1556311325 01:52.26515962724443 02:45.62485453082551
1556311925 01:52.27119900231845 02:45.61820232289489
1556312525 01:52.278102844562966 02:45.611198803769
1556313125 01:52.28336032884584 02:45.60557573566889
1556313725 01:52.28853012944201 02:45.60018757799374
1556314326 01:52.29607387598673 02:45.59256448425788
1556314926 01:52.304313547356784 02:45.58395462032958
1556315526 01:52.31394687595004 02:45.57385389306916
1556316126 01:52.32106395302698 02:45.56667882907956
1556316725 01:52.31741427392104 02:45.569991024615405
1556317325 01:52.319934528163884 02:45.56720813858423
1556317926 01:52.32610279827924 02:45.560682194032125
1556318526 01:52.333837628662494 02:45.55208524194938
1556319126 01:52.34269522938264 02:45.54260983080942
1556319725 01:52.3540184771907 02:45.53093176390331
1556320325 01:52.36371949407294 02:45.521234107431624
1556320925 01:52.36142439802624 02:45.52326977570722
1556321525 01:52.36412359218875 02:45.520063755060406
1556322125 01:52.36254854969285 02:45.521077635957376
1556322725 01:52.36196498486333 02:45.52109090166619
1556323325 01:52.36368346580803 02:45.51889265364988
1556324525 01:52.37039029463521 02:45.512072023091825
1556325125 01:52.37054964056696 02:45.51122798357037
1556325725 01:52.37060445956596 02:45.510453146171784
1556326325 01:52.371504258873 02:45.50895142125476
1556326925 01:52.37219366126108 02:45.508253763567836
1556327525 01:52.37904774305957 02:45.50090231679193
1556328125 01:52.383634365613204 02:45.49633550889578
1556328725 01:52.38738384721381 02:45.49223724390151
1556329325 01:52.38171935948647 02:45.498128753073445
1556329925 01:52.380957582559176 02:45.49854960260971
1556330525 01:52.38182861184936 02:45.497342772429164
1556331126 01:52.38395609133103 02:45.49509085354547
1556331725 01:52.37609998134719 02:45.50292226275718
1556332325 01:52.37804053582605 02:45.500624260624335
1556332926 01:52.38105866315056 02:45.496613632103994
1556333525 01:52.3869150056788 02:45.4901490273664
1556334125 01:52.392837400034686 02:45.48395202451988
1556334726 01:52.395764066987326 02:45.481288851632726
1556335326 01:52.39677391708778 02:45.48036658370334
1556335926 01:52.40366489820919 02:45.47349109606976
1556336526 01:52.405184069562374 02:45.471350221261524
1556337126 01:52.40960646325853 02:45.46683760445557
1556337726 01:52.410263702247036 02:45.46557801470721
1556338325 01:52.40716930559019 02:45.46834156609669
1556338925 01:52.4033551561574 02:45.471794027875774
1556339525 01:52.40827617283536 02:45.467417316856235
1556340125 01:52.41912181316637 02:45.457112834765404
1556340725 01:52.4255116275931 02:45.45024050178051
