1555674804 01:49.55888289774366 02:48.83634458145873
1555674940 01:49.55995045735058 02:48.83479289961347
1555675240 01:49.53713920783654 02:48.8560628330611
1555675540 01:49.5013901487496 02:48.89137173634619
1555675840 01:49.47867692356334 02:48.91379434793899
1555676140 01:49.47478458928234 02:48.91620442130383
1555676440 01:49.46669887051737 02:48.922661770121536
1555676740 01:49.47030190659241 02:48.91828072231326
1555677040 01:49.458454377133535 02:48.92852169343052
1555677340 01:49.463616708951555 02:48.92218243194582
1555677640 01:49.45221203449655 02:48.93274369371557
1555677940 01:49.44106506249562 02:48.943336058400334
1555678240 01:49.42391106789765 02:48.96031421923147
1555678540 01:49.387478257429414 02:48.99629370871861
1555678840 01:49.36493651502811 02:49.01932421882144
1555679006 01:49.36092278412342 02:49.02311407032345
1555679306 01:49.345977376983036 02:49.03690827902634
1555679607 01:49.34643463121569 02:49.03666881153746
1555679907 01:49.34979089772994 02:49.032856513325
1555680206 01:49.343609364592915 02:49.037811659431895
1555680508 01:49.332058334014874 02:49.04907465852643
1555680808 01:49.33181824414985 02:49.049365984450425
1555681108 01:49.32933461872271 02:49.0499211148834
1555681408 01:49.33111505541787 02:49.04828231113172
1555681708 01:49.31324558131584 02:49.066706539286244
1555682008 01:49.30264367854355 02:49.07721087775537
1555682308 01:49.30811683602574 02:49.070641240157705
1555682608 01:49.29737606337674 02:49.08168489272452
1555682908 01:49.268809076815245 02:49.11060846876892
1555683208 01:49.25150114051363 02:49.12781721356084
1555683507 01:49.26302831109782 02:49.11715842397472
1555683807 01:49.23176887999437 02:49.14565249125456
1555684107 01:49.21872544799356 02:49.15754988632194
1555684407 01:49.2045937197355 02:49.1677025028089
1555684707 01:49.18609389052208 02:49.18512745408205
1555685008 01:49.165386039140344 02:49.20622507926895
1555685308 01:49.14240264203687 02:49.22917399240538
1555685608 01:49.130687274163385 02:49.240702477064666
1555685908 01:49.11342918824454 02:49.25851447351739
1555686208 01:49.10537812809681 02:49.26661691023945
1555686507 01:49.11598222624742 02:49.256567732496755
1555686807 01:49.124702221135564 02:49.247396558826075
1555687107 01:49.14440266265665 02:49.226818122701985
1555687408 01:49.16387523598513 02:49.20692177065824
1555687707 01:49.177792181871425 02:49.192455281841966
1555688007 01:49.20933321309691 02:49.16059681337114
1555688318 01:49.226175957100686 02:49.143652651789424
1555688607 01:49.236967447413065 02:49.13232292225821
1555688907 01:49.25073026905007 02:49.11663277805231
1555689207 01:49.257498627446644 02:49.109636356153075
1555689507 01:49.26208712080283 02:49.10471438653124
1555689807 01:49.25147763650893 02:49.114500708481415
1555690107 01:49.258738922632475 02:49.10790797093229
1555690407 01:49.27448093534388 02:49.09243094732964
1555690707 01:49.290034258779954 02:49.07649046502977
1555691008 01:49.29698187429999 02:49.06820305929905
1555691307 01:49.30861937093009 02:49.0553497057291
1555691608 01:49.321410350250424 02:49.04194289239132
1555691908 01:49.34147095881733 02:49.02106044164994
1555692210 01:49.34688020613336 02:49.01528936065269
1555692508 01:49.34957808256872 02:49.01211374736711
1555692807 01:49.35538872359871 02:49.00547657942143
