1555674804 01:49.55888289774366 02:48.83634458145873
1555674940 01:49.55995045735058 02:48.83479289961347
1555675240 01:49.53713920783654 02:48.8560628330611
1555675540 01:49.5013901487496 02:48.89137173634619
1555675840 01:49.47867692356334 02:48.91379434793899
1555676140 01:49.47478458928234 02:48.91620442130383
1555676440 01:49.46669887051737 02:48.922661770121536
1555676740 01:49.47030190659241 02:48.91828072231326
1555677040 01:49.458454377133535 02:48.92852169343052
1555677340 01:49.463616708951555 02:48.92218243194582
1555677640 01:49.45221203449655 02:48.93274369371557
1555677940 01:49.44106506249562 02:48.943336058400334
1555678240 01:49.42391106789765 02:48.96031421923147
1555678540 01:49.387478257429414 02:48.99629370871861
1555678840 01:49.36493651502811 02:49.01932421882144
1555679006 01:49.36092278412342 02:49.02311407032345
1555679306 01:49.345977376983036 02:49.03690827902634
1555679607 01:49.34643463121569 02:49.03666881153746
1555679907 01:49.34979089772994 02:49.032856513325
1555680206 01:49.343609364592915 02:49.037811659431895
1555680508 01:49.332058334014874 02:49.04907465852643
1555680808 01:49.33181824414985 02:49.049365984450425
1555681108 01:49.32933461872271 02:49.0499211148834
1555681408 01:49.33111505541787 02:49.04828231113172
1555681708 01:49.31324558131584 02:49.066706539286244
1555682008 01:49.30264367854355 02:49.07721087775537
1555682308 01:49.30811683602574 02:49.070641240157705
1555682608 01:49.29737606337674 02:49.08168489272452
1555682908 01:49.268809076815245 02:49.11060846876892
1555683208 01:49.25150114051363 02:49.12781721356084
1555683507 01:49.26302831109782 02:49.11715842397472
1555683807 01:49.23176887999437 02:49.14565249125456
1555684107 01:49.21872544799356 02:49.15754988632194
1555684407 01:49.2045937197355 02:49.1677025028089
1555684707 01:49.18609389052208 02:49.18512745408205
1555685008 01:49.165386039140344 02:49.20622507926895
1555685308 01:49.14240264203687 02:49.22917399240538
1555685608 01:49.130687274163385 02:49.240702477064666
1555685908 01:49.11342918824454 02:49.25851447351739
1555686208 01:49.10537812809681 02:49.26661691023945
1555686507 01:49.11598222624742 02:49.256567732496755
1555686807 01:49.124702221135564 02:49.247396558826075
1555687107 01:49.14440266265665 02:49.226818122701985
1555687408 01:49.16387523598513 02:49.20692177065824
1555687707 01:49.177792181871425 02:49.192455281841966
1555688007 01:49.20933321309691 02:49.16059681337114
1555688318 01:49.226175957100686 02:49.143652651789424
1555688607 01:49.236967447413065 02:49.13232292225821
1555688907 01:49.25073026905007 02:49.11663277805231
1555689207 01:49.257498627446644 02:49.109636356153075
1555689507 01:49.26208712080283 02:49.10471438653124
1555689807 01:49.25147763650893 02:49.114500708481415
1555690107 01:49.258738922632475 02:49.10790797093229
1555690407 01:49.27448093534388 02:49.09243094732964
1555690707 01:49.290034258779954 02:49.07649046502977
1555691008 01:49.29698187429999 02:49.06820305929905
1555691307 01:49.30861937093009 02:49.0553497057291
1555691608 01:49.321410350250424 02:49.04194289239132
1555691908 01:49.34147095881733 02:49.02106044164994
1555692210 01:49.34688020613336 02:49.01528936065269
1555692508 01:49.34957808256872 02:49.01211374736711
1555692807 01:49.35538872359871 02:49.00547657942143
1555693107 01:49.35171458633777 02:49.00871888134769
1555693407 01:49.34931393444138 02:49.01084707018589
1555693707 01:49.330315384747905 02:49.0292501846948
1555694007 01:49.319793424440405 02:49.03954467243024
1555694307 01:49.31175218610707 02:49.04746332733052
1555694608 01:49.30095074090451 02:49.05840830758551
1555694908 01:49.28815723351704 02:49.07146386149201
1555695208 01:49.27914993117992 02:49.080809259721335
1555695507 01:49.27646681188217 02:49.083852715800504
1555695807 01:49.26564716075198 02:49.09366205563455
1555696107 01:49.26423320418123 02:49.094262694885025
1555696407 01:49.24271195239807 02:49.114462281857755
1555696707 01:49.2416384441613 02:49.11547330320297
1555697007 01:49.23306444417536 02:49.12415517395211
1555697307 01:49.22028335536873 02:49.13660125544038
1555697607 01:49.20898954424773 02:49.146924569194454
1555697907 01:49.20650207225654 02:49.1494435327963
1555698207 01:49.20277724715552 02:49.15331531796374
1555698507 01:49.203141932033574 02:49.153008510207755
1555698807 01:49.202014444192024 02:49.1531480979494
1555699108 01:49.20482899736226 02:49.15016493993272
1555699407 01:49.21317569856626 02:49.14162245669155
1555699707 01:49.215490435960376 02:49.14042948773144
1555700007 01:49.21333879386556 02:49.142132009679315
1555700307 01:49.20936611589302 02:49.14567004411907
1555700607 01:49.204894970178344 02:49.149930737207406
1555700907 01:49.19893952541779 02:49.15544365104566
1555701207 01:49.19004202760133 02:49.16490979656915
1555701507 01:49.18904514883883 02:49.16629683512371
1555701808 01:49.19273048229023 02:49.16238274024056
1555702108 01:49.19572498097377 02:49.159452412326296
1555702408 01:49.20137057534813 02:49.153962456913035
1555702708 01:49.20247214262088 02:49.15263732658953
1555703008 01:49.20612262011323 02:49.14847685296234
1555703308 01:49.20534466045429 02:49.14930658729888
1555703607 01:49.20829005015301 02:49.14641383644787
1555703907 01:49.20237879164516 02:49.15214741329789
1555704207 01:49.19904726525796 02:49.155567209803166
1555704508 01:49.19540372620191 02:49.15838269309389
1555704808 01:49.19386793084073 02:49.159868976992236
1555705108 01:49.18714516934201 02:49.166215780449164
1555705408 01:49.18987759288704 02:49.162917252187356
1555705708 01:49.18408992777421 02:49.16869412004008
1555706008 01:49.17897491163156 02:49.173830662336606
1555706309 01:49.17401992688342 02:49.178948353089076
1555706608 01:49.163926136082175 02:49.18896485049242
1555706908 01:49.162884537385544 02:49.18975051408683
1555707208 01:49.16503957765829 02:49.18743274575538
1555707508 01:49.16919028770822 02:49.183106181740804
1555707808 01:49.17276928306414 02:49.17893208305529
1555708110 01:49.17694091385796 02:49.17423724899695
1555708409 01:49.17873780292245 02:49.17201772945734
1555708709 01:49.18311827396135 02:49.16715344039762
1555709007 01:49.18543572600384 02:49.16470090866327
1555709307 01:49.18586087231702 02:49.16434444109894
1555709607 01:49.18527134401202 02:49.16484291700666
1555709907 01:49.186737516976834 02:49.163435279185265
1555710207 01:49.183200834425854 02:49.16724192234633
1555710507 01:49.17994067069015 02:49.170391509847796
1555710807 01:49.172927349273515 02:49.17730283780591
1555711107 01:49.16894354677242 02:49.1813472315856
1555711407 01:49.16183820263967 02:49.18855309448454
1555711707 01:49.15988069669186 02:49.190664453040526
1555712007 01:49.15418482333477 02:49.196554894660586
1555712307 01:49.14852024902779 02:49.201908451553024
1555712607 01:49.14270069376282 02:49.207443234767226
1555712907 01:49.13531631986871 02:49.21427476297918
1555713207 01:49.12742858727854 02:49.221535733693074
1555713507 01:49.117821748695775 02:49.23067616916065
1555713807 01:49.11576908525457 02:49.23239240563557
1555714107 01:49.11482736675288 02:49.23350404617197
1555714407 01:49.1152787201205 02:49.232546160754815
1555714707 01:49.114682019499384 02:49.23296423372497
1555715007 01:49.11710508817092 02:49.23015615997438
1555715308 01:49.11767770431899 02:49.229400194149115
1555715607 01:49.119018272389056 02:49.22741909965354
1555715907 01:49.1203416686497 02:49.22611410715515
1555716208 01:49.12545506083488 02:49.22018437624073
1555716507 01:49.12605538168634 02:49.21981138509267
1555716807 01:49.12541612803587 02:49.220660769390264
1555717107 01:49.12429470077569 02:49.22191390519051
1555717407 01:49.12492414089833 02:49.2212742856501
1555717707 01:49.11904622043141 02:49.226771098353424
1555718009 01:49.11995557821683 02:49.22614104405882
1555718309 01:49.11320318505194 02:49.23275131288874
1555718609 01:49.1056970950456 02:49.240020682523266
1555718909 01:49.09444813667755 02:49.251043271062464
1555719208 01:49.085083439151504 02:49.26016440999449
1555719508 01:49.077476895416304 02:49.26769200291752
1555719807 01:49.07119611816977 02:49.27420859890752
1555720107 01:49.06575687235807 02:49.27971289593002
1555720407 01:49.052258919028326 02:49.29286191791278
1555720708 01:49.04679848428592 02:49.29848101913273
1555721007 01:49.03592117334066 02:49.30921752709915
1555721307 01:49.029879822496476 02:49.31470846586436
1555721608 01:49.024867495837206 02:49.31979926388332
1555721907 01:49.01409676353064 02:49.330591829538164
1555722207 01:49.0088364026145 02:49.336000791419174
1555722510 01:48.99824721242028 02:49.3465200923104
1555722809 01:48.99012765816012 02:49.35439703746652
1555723109 01:48.97835066194423 02:49.36612256952183
1555723407 01:48.97096599459873 02:49.37355660165898
1555723707 01:48.95654607389966 02:49.387818122414316
1555724007 01:48.937048443029084 02:49.406797026821316
1555724308 01:48.93358933817293 02:49.41004177243894
1555724607 01:48.92535193985037 02:49.41862552752032
1555724907 01:48.931839613607636 02:49.41195729693151
1555725208 01:48.93227388275048 02:49.41141684891516
1555725507 01:48.93561077987157 02:49.408044890475026
1555725807 01:48.94320341764935 02:49.400441559017274
1555726108 01:48.944763254367004 02:49.399208806111034
1555726407 01:48.948986728145414 02:49.39492278236544
1555726707 01:48.9481134099517 02:49.395750919889295
1555727007 01:48.95224845263048 02:49.39152360479138
1555727307 01:48.943192310094894 02:49.400503493655236
1555727607 01:48.93140414061121 02:49.41261459543409
1555727909 01:48.918755029807784 02:49.42449683020287
1555728209 01:48.91209352711709 02:49.43094986883486
1555728509 01:48.915492111898715 02:49.42719106967632
1555728808 01:48.914563993183855 02:49.427639751107336
1555729108 01:48.91717988744584 02:49.424716700786874
1555729408 01:48.92335559893172 02:49.417952977444926
1555729709 01:48.921220750530594 02:49.419894228190415
1555730009 01:48.91999547339536 02:49.420722128988075
1555730309 01:48.91273060899069 02:49.427672589208726
1555730609 01:48.911019463686515 02:49.42932376542282
1555730909 01:48.911585610785295 02:49.428569019078175
1555731209 01:48.91338494731934 02:49.42576042577107
1555731509 01:48.910920075233086 02:49.42885736536474
1555731809 01:48.91217684183313 02:49.42721148091685
1555732109 01:48.90404129292537 02:49.4344361472263
