1556357770 01:52.429606662110594 02:45.43891802931645
1556358369 01:52.419210049253195 02:45.44969684844443
1556358969 01:52.40850187982154 02:45.45998355772245
1556359569 01:52.40329889582958 02:45.46496755347321
1556360169 01:52.398703712478564 02:45.469247652329294
1556360769 01:52.401096346581944 02:45.46583428041504
1556361369 01:52.40078550251176 02:45.46593242417898
1556361969 01:52.40083392115049 02:45.466426069239304
1556362569 01:52.40261335383195 02:45.46454371078677
1556363169 01:52.39801287087962 02:45.469862702331085
1556363769 01:52.39777582288777 02:45.46984598709625
1556364369 01:52.398773702896484 02:45.468640449239814
1556364969 01:52.40331401054959 02:45.46422891124823
1556365569 01:52.40671166021228 02:45.45977196896806
1556366769 01:52.415296450529816 02:45.449690102593074
1556367369 01:52.423674302661006 02:45.441140181415165
1556367970 01:52.42004841299097 02:45.444718774869784
1556368569 01:52.41754424196965 02:45.447467973493154
1556369170 01:52.41244126988297 02:45.45257331524414
1556370859 01:52.4091711912323 02:45.456583230647134
1556370859 01:52.41294368777396 02:45.45258978248669
1556370969 01:52.417262203528914 02:45.448008437986246
1556371569 01:52.40997295975514 02:45.45546462607121
1556372169 01:52.40766000331426 02:45.457963242260796
1556372769 01:52.408076486485676 02:45.45824720044623
1556373369 01:52.41478676158082 02:45.451983881566306
1556373970 01:52.42732861883766 02:45.43994281360428
1556374569 01:52.43991750952166 02:45.427316325766355
1556375170 01:52.44833307878647 02:45.41913410659164
1556375770 01:52.4474354702148 02:45.420352238762135
1556376369 01:52.45012299972858 02:45.418425498162065
1556376969 01:52.441812752450815 02:45.42654579743274
1556377570 01:52.434224471140425 02:45.43402091339101
1556378170 01:52.43033984697075 02:45.43779956272178
1556378770 01:52.420970789480215 02:45.44659466045541
1556379370 01:52.411204058165794 02:45.456619345963716
1556379970 01:52.395304873611956 02:45.47218587990342
1556380570 01:52.38872114352008 02:45.47871715205428
1556381170 01:52.37890333578723 02:45.488521180375955
1556381770 01:52.36537145424709 02:45.50175748854282
1556382370 01:52.36260481124766 02:45.5049085871434
1556382975 01:52.360711618443155 02:45.50721563066288
1556383571 01:52.36439459047183 02:45.50343545887556
1556384169 01:52.3634598596095 02:45.504162766394764
1556384769 01:52.361519136521615 02:45.50621246017473
1556385369 01:52.357113462743364 02:45.51133228388595
1556385970 01:52.35387646606128 02:45.514753169532824
1556386570 01:52.349674561148404 02:45.51914779367583
1556387169 01:52.34463745162699 02:45.52389794170658
1556387769 01:52.35072172421146 02:45.51719298747937
1556388370 01:52.35695387509571 02:45.51089116856105
1556388969 01:52.356941679741496 02:45.51101372329949
1556389569 01:52.355463127374854 02:45.51222702333181
1556390169 01:52.35593835177629 02:45.51191678304784
1556390769 01:52.355734467915916 02:45.51183271293135
1556391370 01:52.35521899387533 02:45.51234901045936
1556391970 01:52.35680853324555 02:45.51087028105285
1556392570 01:52.35977544849264 02:45.5079271939354
1556393169 01:52.36036290454054 02:45.50736481683407
1556393770 01:52.36165794701152 02:45.506310276670305
1556394370 01:52.363439537146306 02:45.50454571024516
1556394970 01:52.365906969908906 02:45.50166495615183
1556395569 01:52.365729661946915 02:45.50183273094649
1556396169 01:52.36479447123021 02:45.502667766266406
1556396769 01:52.36333399195851 02:45.50415157077605
1556397369 01:52.36350920247976 02:45.50474076458941
1556397969 01:52.36049609438677 02:45.50801134557028
1556398569 01:52.35603611569378 02:45.512900554895694
1556399170 01:52.35490275818601 02:45.51407183692115
1556399770 01:52.3542709773414 02:45.51464738992216
1556400369 01:52.35443586742979 02:45.51440888742248
1556400970 01:52.35231296249147 02:45.516529830315754
1556401569 01:52.35218791401146 02:45.51661670215246
1556402169 01:52.352222020075544 02:45.51655436097922
1556402770 01:52.35221006856419 02:45.51657969417518
1556403371 01:52.35416528801564 02:45.51461333247522
1556403971 01:52.35241858543218 02:45.51652240342648
1556404570 01:52.35567675589067 02:45.51322379999069
1556405169 01:52.352063189180356 02:45.51634753263344
1556405769 01:52.34924734747316 02:45.51883927585711
1556406369 01:52.35076689129332 02:45.517283892627724
1556406969 01:52.34745408907428 02:45.519913459346284
1556407570 01:52.35120920154577 02:45.51605159572115
1556408169 01:52.35199209505525 02:45.515327776855244
1556408769 01:52.354241006839466 02:45.51300142962678
1556409369 01:52.358534256466804 02:45.5086863917492
1556409969 01:52.36681892175705 02:45.500666641428445
1556410569 01:52.36634686795074 02:45.501440207339925
1556411169 01:52.368705263247826 02:45.499787314962944
1556411769 01:52.371925803729724 02:45.49633525366154
1556412369 01:52.37239235034852 02:45.4957750124547
1556412969 01:52.375778811931326 02:45.492228460540595
1556413569 01:52.38587220945039 02:45.482661210727
1556414169 01:52.38910956114581 02:45.479492206715555
1556414769 01:52.39115249116082 02:45.47744598276597
1556415370 01:52.38936349216539 02:45.47921049263794
1556415969 01:52.387750313326066 02:45.4809596729621
1556416569 01:52.38211876708342 02:45.48653252878591
1556417170 01:52.37409414285054 02:45.494667948195776
1556417769 01:52.3697434385017 02:45.49906217721838
1556418369 01:52.367893820774015 02:45.500988149144646
1556418970 01:52.37160709160421 02:45.49737364828611
1556419569 01:52.36735038863899 02:45.50195801116299
1556420169 01:52.36197022938784 02:45.50783125873143
1556420769 01:52.36508029054181 02:45.50502768119594
1556421369 01:52.357208512967205 02:45.51313910302135
1556421969 01:52.34698793601993 02:45.5235894116241
1556422569 01:52.344586939677654 02:45.526625640182125
1556423169 01:52.33686168610908 02:45.53472927705975
1556423769 01:52.32934227806213 02:45.54207940598074
1556424369 01:52.31674476517213 02:45.555074706929474
1556424969 01:52.31248592539561 02:45.559608104331424
1556425569 01:52.305305746446265 02:45.56719693475557
1556426173 01:52.29464892527488 02:45.57778789399444
1556426770 01:52.291795072220445 02:45.58081898164717
1556427369 01:52.28816564134281 02:45.58463571760296
1556427969 01:52.289693501695055 02:45.58319464855686
1556428569 01:52.28428378972389 02:45.58878577931964
1556429169 01:52.27940516350561 02:45.5935657734035
1556429769 01:52.27607602645661 02:45.597148471612215
1556430369 01:52.277156325494204 02:45.59568757508854
1556430969 01:52.27841352380603 02:45.59415046027266
1556431569 01:52.2751942946706 02:45.59830092646652
1556432169 01:52.2747845680112 02:45.59902247667955
1556432769 01:52.276406237744546 02:45.59710201949081
1556433369 01:52.27301728206306 02:45.60037005191246
1556433970 01:52.2716011885341 02:45.60202315188116
1556434570 01:52.27397669027754 02:45.599943650314664
1556435169 01:52.27378405148178 02:45.600120039568466
1556435769 01:52.272041817276325 02:45.6020328665314
1556436370 01:52.27252559984756 02:45.601891048467685
1556436970 01:52.27324192082481 02:45.60197059127272
1556437569 01:52.27692045493547 02:45.59874936485241
1556438169 01:52.27976830044041 02:45.59591974944575
1556438770 01:52.280830886943896 02:45.59456645709569
1556439370 01:52.28014977005672 02:45.59530242714776
1556439969 01:52.271594858174744 02:45.604471115329154
1556440570 01:52.26934514273803 02:45.60660895948773
1556441169 01:52.26634784692503 02:45.609020775624145
1556441770 01:52.25949984225798 02:45.616190506645154
1556442369 01:52.26107164551511 02:45.61476809995933
1556442969 01:52.26279006072928 02:45.61383700714958
1556443569 01:52.2694538271951 02:45.60769806198255
1556444170 01:52.27283722375988 02:45.604112689977796
1556444770 01:52.26713177479406 02:45.60966035367146
1556445369 01:52.26254508635897 02:45.61442697429279
1556445970 01:52.26127655219016 02:45.6159707028278
1556446569 01:52.24964997761513 02:45.627269831133574
1556447169 01:52.24337215904898 02:45.633484274732645
1556447769 01:52.237493850948994 02:45.63973283132961
1556448369 01:52.23527806730493 02:45.642053242520696
1556448969 01:52.24168738489192 02:45.63587226254106
1556449569 01:52.246939077266454 02:45.63084010354457
1556450169 01:52.247864319359415 02:45.629647130428275
1556450769 01:52.24861791317652 02:45.629260286059356
1556451370 01:52.252566134167054 02:45.62560673547761
1556451969 01:52.24974341444685 02:45.628332325377066
1556452569 01:52.24906137413247 02:45.62893287631318
1556453169 01:52.25186426529325 02:45.62605582932589
1556453769 01:52.2497317985548 02:45.62849280942216
1556454369 01:52.24729406990883 02:45.631758482213165
1556454970 01:52.24220738359049 02:45.636761857749256
1556455569 01:52.23955257469181 02:45.63967452687366
1556456169 01:52.23713104603709 02:45.64237110586877
1556456769 01:52.23361681226576 02:45.646078863021174
1556457369 01:52.23146962523031 02:45.6486190681197
1556457969 01:52.238492368368405 02:45.64192699601508
1556458570 01:52.240735478352185 02:45.63933628441156
1556459170 01:52.24001257085887 02:45.640396620650684
1556459769 01:52.23520093021173 02:45.645733142078505
1556460369 01:52.231978033099615 02:45.64930228291345
1556460969 01:52.22556343923609 02:45.655726258758946
1556461569 01:52.219392796638296 02:45.66251033561731
1556462169 01:52.214797542153555 02:45.66730879126095
1556462769 01:52.20905898193301 02:45.67338385418937
1556463369 01:52.19691600938952 02:45.6855587319439
1556463969 01:52.183505287746236 02:45.69895908022303
1556464570 01:52.16553032226569 02:45.716869244338795
1556465170 01:52.151742134709586 02:45.73013988039197
1556465769 01:52.14240860706085 02:45.73913986692924
1556466369 01:52.13945410446056 02:45.74169538930136
1556466969 01:52.135841418704956 02:45.7450788905537
1556467569 01:52.1323544420718 02:45.74848032044913
1556468169 01:52.12467278808891 02:45.75635251438757
1556468769 01:52.120388968671314 02:45.76048340967045
1556469369 01:52.12094243946843 02:45.7600314604432
1556469969 01:52.11937028319468 02:45.761803106011776
1556470569 01:52.11165643114375 02:45.76960445520966
1556471169 01:52.1067999843011 02:45.77451863156751
1556471770 01:52.10722224352945 02:45.77393024872838
1556472369 01:52.10781604552513 02:45.77311314448505
1556472969 01:52.10359964615565 02:45.776538774445356
1556473569 01:52.09926276146389 02:45.7807073536425
1556474170 01:52.09317826081746 02:45.78675843807385
1556474770 01:52.09053680382968 02:45.78949967097915
1556475370 01:52.08885539637165 02:45.791374664356574
1556475969 01:52.08882218637982 02:45.79140688195675
1556476569 01:52.08358103590178 02:45.79657097043949
1556477169 01:52.078679472825826 02:45.801415499897985
1556477770 01:52.07296458130087 02:45.80696128312827
1556478370 01:52.067547655219 02:45.812313193273354
1556478969 01:52.06639540095029 02:45.813447771484
1556479569 01:52.06796074653949 02:45.81170644957327
1556480170 01:52.06847325240569 02:45.81115400763323
1556480769 01:52.067361839163226 02:45.812101241158196
1556481370 01:52.06756621160192 02:45.81190225405044
1556481970 01:52.06750579573234 02:45.81202814702176
1556482569 01:52.067713679845674 02:45.81185382781111
1556483170 01:52.06926934434283 02:45.81033252623103
1556483769 01:52.0698725461172 02:45.80975192184131
1556484369 01:52.07170403589857 02:45.80801531402993
1556484970 01:52.07223250090197 02:45.80726393374353
1556485569 01:52.071417237220395 02:45.80862171161887
1556486169 01:52.07158533138775 02:45.80821823080959
1556486769 01:52.073081281050825 02:45.8068594818648
1556487369 01:52.07357269782473 02:45.80640700154958
1556487969 01:52.0744211660804 02:45.80550998719203
1556488570 01:52.07502088030641 02:45.804929382104866
1556489170 01:52.073653730565574 02:45.80666086176175
1556489770 01:52.07246499781111 02:45.807664126983475
1556490369 01:52.0704986910546 02:45.80962764273483
1556490970 01:52.06370565690743 02:45.816289641897214
1556491569 01:52.065054416839665 02:45.81469882278737
1556492171 01:52.06920866755554 02:45.81043730632523
1556492770 01:52.06776776498225 02:45.81149335450533
1556493369 01:52.069754577532315 02:45.80906680766817
1556493969 01:52.07401459154587 02:45.80466965426684
1556494569 01:52.07235842962517 02:45.80602249949869
1556495169 01:52.07319724610237 02:45.80462454566439
1556495769 01:52.072425526076735 02:45.80569521917389
1556496369 01:52.06877356239651 02:45.80908538979696
1556496969 01:52.0664047075338 02:45.81098071892949
1556497570 01:52.06291610801424 02:45.814192113135825
1556498169 01:52.064899882652504 02:45.81177847133808
1556498769 01:52.06610294451621 02:45.81028178665944
1556499369 01:52.06703505498507 02:45.80918124971762
1556499969 01:52.065025736970284 02:45.81129351291116
1556500570 01:52.05995164238614 02:45.816167461742324
1556501169 01:52.058681033154244 02:45.81803279013712
1556501769 01:52.05728996058001 02:45.81870338661544
1556502369 01:52.058802968810944 02:45.81684903651749
1556502970 01:52.057954368233595 02:45.81713699838716
1556503570 01:52.059089137685056 02:45.815919070087126
1556504172 01:52.056994493866306 02:45.81740063172386
1556504769 01:52.05882570905776 02:45.81484985598778
1556505370 01:52.0612580068977 02:45.8116994006577
1556505969 01:52.05868148488605 02:45.81384588088523
1556506569 01:52.06450738470054 02:45.8080473163663
1556507169 01:52.06679234510675 02:45.80526937570117
1556507770 01:52.06426850898694 02:45.80727622880011
1556508370 01:52.06122988866003 02:45.81022454304748
1556508969 01:52.069428619455635 02:45.80178282063531
1556509569 01:52.07157521920003 02:45.79967953360404
1556510169 01:52.07339258550909 02:45.79755727581035
1556510769 01:52.08185669062768 02:45.7890478654066
1556511369 01:52.08400901504262 02:45.78644787495021
1556511969 01:52.082420475433786 02:45.787434024713455
1556512570 01:52.082606215278524 02:45.78655216975404
1556513169 01:52.08054291721418 02:45.78827215072418
1556513769 01:52.08222106322382 02:45.786495624621814
1556514369 01:52.08472845112281 02:45.784530115118045
1556514970 01:52.08606526519506 02:45.783178181187075
1556515569 01:52.086371001972594 02:45.78274721781974
1556516171 01:52.087050074369714 02:45.78199121773529
1556516770 01:52.086651484777505 02:45.78191474039834
1556517370 01:52.090451196663665 02:45.77833930968408
1556517970 01:52.10056365513417 02:45.76834843479359
1556518569 01:52.11172218992112 02:45.75724310610785
1556519169 01:52.12138105518688 02:45.74699589315367
1556519769 01:52.131390948811905 02:45.73702650930288
1556520369 01:52.13782397214067 02:45.73058474941628
1556520970 01:52.14558571105991 02:45.72261337580687
1556521569 01:52.151085558863606 02:45.71717984335773
1556522170 01:52.15285083810852 02:45.71485827098401
1556522769 01:52.160159461730004 02:45.70748752234594
1556523370 01:52.16977208586911 02:45.69740734279929
1556523970 01:52.17999717511351 02:45.686817579045666
1556524570 01:52.18642709263285 02:45.67980662375825
1556525170 01:52.19197141631378 02:45.67346848289405
1556525770 01:52.201563817560725 02:45.66326075232408
1556526369 01:52.20585396739078 02:45.65904211721165
1556526969 01:52.20577474083722 02:45.659027982471365
1556527569 01:52.20739290239658 02:45.657277737453725
1556528169 01:52.21787154674726 02:45.64678744126493
1556528769 01:52.22840664268597 02:45.635705140189245
1556529369 01:52.23898813853649 02:45.62503303326866
1556529969 01:52.24906934401704 02:45.61483347840634
1556530570 01:52.25432908691957 02:45.60966265412326
1556531170 01:52.256946295046525 02:45.606746392128414
1556531769 01:52.26049907452992 02:45.60299880558694
1556532369 01:52.26593388042586 02:45.59767055252819
1556532970 01:52.26847518548867 02:45.59534280671556
1556533570 01:52.2696406655819 02:45.593767827517794
1556534173 01:52.272646455901295 02:45.59082441308351
1556534771 01:52.27497935576876 02:45.588256184058984
1556535369 01:52.272522271597644 02:45.59058812314009
1556535969 01:52.27440903175402 02:45.58839919444528
1556536569 01:52.27076192452906 02:45.59166529654941
1556537169 01:52.27152447713161 02:45.591008541687174
1556537769 01:52.277400431651785 02:45.585109174096125
1556538369 01:52.28767336850812 02:45.57450859509922
1556538970 01:52.29344784023973 02:45.56795250621599
1556539570 01:52.29859007521098 02:45.5624211631862
1556540169 01:52.301421186132536 02:45.55917264812804
1556540770 01:52.300069973220744 02:45.559820349716375
1556541369 01:52.30280906249545 02:45.557041020023725
1556541969 01:52.30700724367661 02:45.55268192390278
1556542569 01:52.3147568108023 02:45.54423676675781
1556543169 01:52.319360838568585 02:45.539627705524516
1556543770 01:52.32552303024006 02:45.53282122718402
1556544369 01:52.33581417143483 02:45.522016420273474
1556544970 01:52.34186221876092 02:45.51564485430538
1556545570 01:52.35218142493462 02:45.50471110449031
1556546169 01:52.368525923367756 02:45.48804602470561
1556546769 01:52.38020197941863 02:45.475346883333366
1556547369 01:52.3830840212416 02:45.47201918583634
1556547970 01:52.3830095223112 02:45.471713917527836
1556548569 01:52.37940556636394 02:45.474844355320414
1556549169 01:52.38463048319693 02:45.46920680369541
1556549769 01:52.38577127831536 02:45.46752857497327
1556550369 01:52.390009498160026 02:45.46229112017738
1556550971 01:52.38260714568423 02:45.46918678467806
1556551573 01:52.37347686886712 02:45.47798025377989
1556552173 01:52.365889612423246 02:45.48520236286881
1556552773 01:52.36035149010975 02:45.49003012097863
1556553373 01:52.35840877147372 02:45.49193427995759
1556553973 01:52.35668716295311 02:45.493242364101874
1556554573 01:52.35459619079709 02:45.49505059332247
1556555173 01:52.35023047892685 02:45.49920261655277
1556555773 01:52.34704336854242 02:45.50256733768945
1556556372 01:52.347496513982925 02:45.50216223793539
1556556972 01:52.34217554971012 02:45.507450343354314
1556557573 01:52.3396295832336 02:45.50967760438648
1556558173 01:52.337597936495584 02:45.51154950861838
1556558772 01:52.336680547613255 02:45.51247296548762
1556559372 01:52.33548210318544 02:45.51360822538763
1556559972 01:52.335514283168735 02:45.5133994836964
1556560572 01:52.337472060224044 02:45.510712582414406
1556561172 01:52.33904051402729 02:45.5089174087716
1556561772 01:52.3453190376569 02:45.50242129606291
1556562372 01:52.35078953090865 02:45.49682403379671
1556562973 01:52.35723858253327 02:45.49022743342358
1556563572 01:52.36229748064526 02:45.48499784974484
1556564173 01:52.3639799441825 02:45.48360192498977
1556564772 01:52.366577346281176 02:45.480867988918945
1556565373 01:52.365318325029286 02:45.481585386154194
1556565972 01:52.36585119411244 02:45.48009675747435
1556566572 01:52.36741102195133 02:45.47851333645136
1556567172 01:52.3677715927337 02:45.47776524384277
1556567772 01:52.36821556786191 02:45.477325456550034
1556568372 01:52.36958349539136 02:45.47583029405652
1556568972 01:52.3758962118115 02:45.46940084664817
1556569572 01:52.38368858863086 02:45.46157767905522
1556570172 01:52.38889074948876 02:45.456179565891816
1556570772 01:52.3917775586802 02:45.453437901267066
1556571372 01:52.39171863957225 02:45.45358313281709
1556571972 01:52.393850431566825 02:45.45198321276893
1556572572 01:52.39596815687929 02:45.44971012555462
1556573173 01:52.39955676514172 02:45.44625623723238
1556573773 01:52.401641268993316 02:45.44410148854535
1556574373 01:52.40290124515978 02:45.4429710889409
1556574973 01:52.402348206009606 02:45.44333764487829
1556575572 01:52.4056186873729 02:45.43952238538953
1556576172 01:52.409307655633164 02:45.43570861667984
1556576774 01:52.409344180734344 02:45.43571618070998
1556577372 01:52.41107040425463 02:45.43430769203079
1556577972 01:52.41315159140753 02:45.43218314136085
1556578572 01:52.41142563573496 02:45.43377712288479
1556579172 01:52.410053505590014 02:45.43508233671233
1556579772 01:52.41131232428857 02:45.43369756235045
1556580372 01:52.4111466461578 02:45.4336442196256
1556580972 01:52.40720348843958 02:45.437054192972475
1556581572 01:52.411519273233445 02:45.43297866730639
1556582172 01:52.417297629829676 02:45.42708377849905
1556582772 01:52.42053989362457 02:45.42389976940794
1556583372 01:52.420102994829634 02:45.42453013725938
1556583972 01:52.408350082696984 02:45.43641597929002
1556584572 01:52.41070735920273 02:45.433930094705325
1556585172 01:52.409639865813 02:45.4349141564923
1556585772 01:52.40840235350951 02:45.435746498164484
1556586373 01:52.4075462736218 02:45.43672041286265
1556586973 01:52.40549738542614 02:45.43850585061692
1556587572 01:52.40731789631492 02:45.436611107693665
1556588172 01:52.40522183300415 02:45.43904113949222
1556588772 01:52.403733609786784 02:45.44057225516076
1556589373 01:52.40543501619459 02:45.438763175774646
1556589972 01:52.40338847028843 02:45.44056080675315
1556590572 01:52.40250142207192 02:45.44135155833643
1556591172 01:52.4056313267745 02:45.43817603201038
1556591772 01:52.41111365389678 02:45.432376842981554
1556592372 01:52.409976700899875 02:45.43329163560574
1556592972 01:52.40726777776131 02:45.43553514019446
1556593572 01:52.41012180622961 02:45.43236866524326
1556594172 01:52.408832475468756 02:45.43330515133845
1556594773 01:52.406679811936606 02:45.43563000092587
1556595373 01:52.399816490452146 02:45.442458307039544
1556595972 01:52.394105246437185 02:45.448611229972535
1556596572 01:52.390354501063996 02:45.45220250063785
1556597172 01:52.388888403840994 02:45.453916910720906
1556597772 01:52.3818943121512 02:45.46108982488487
1556598372 01:52.37737865590763 02:45.465977413708394
1556598972 01:52.37363294583237 02:45.46954510330612
1556599573 01:52.36760775404251 02:45.47553325468263
1556600172 01:52.36492956481308 02:45.477303994846544
1556600776 01:52.36798595036287 02:45.473096258192506
1556601373 01:52.366416317862544 02:45.47378913392917
1556601972 01:52.36529027314848 02:45.47503613919902
1556602572 01:52.35912426059117 02:45.480680534533015
1556603172 01:52.35493167942096 02:45.48489930514511
1556603772 01:52.34994647570394 02:45.489885258971356
1556604372 01:52.339648803918045 02:45.500263561430494
1556604972 01:52.33878590579179 02:45.50173534363981
1556605572 01:52.337853827759474 02:45.50209966101345
1556606173 01:52.3307787766196 02:45.50876208771834
1556606772 01:52.32493328673489 02:45.514236121928455
1556607372 01:52.31883429321628 02:45.52006890958145
1556607972 01:52.32103060219849 02:45.51932805290875
1556608572 01:52.32624858262103 02:45.5137644149954
1556609172 01:52.32810941096828 02:45.511820933173844
1556609773 01:52.32323813245765 02:45.516763081167284
1556610372 01:52.31392237302772 02:45.52540229648292
1556610972 01:52.30520260662246 02:45.53445877447463
1556611572 01:52.30014474293506 02:45.53997297752675
1556612172 01:52.285896616052675 02:45.55425073104777
1556612772 01:52.280244378092036 02:45.559836334147796
1556613372 01:52.27611402071758 02:45.56416121967086
1556613973 01:52.27593636951649 02:45.564576654041915
1556614572 01:52.27518231335726 02:45.564997633072274
1556615172 01:52.28269993705129 02:45.5574363828271
1556615772 01:52.2905235997049 02:45.549831982005315
1556616373 01:52.28247434459845 02:45.55752287730328
1556616972 01:52.26999694878424 02:45.570358828733625
1556617573 01:52.265065247312094 02:45.575572684454855
1556618173 01:52.25848522899162 02:45.5822245117808
1556618772 01:52.250117495613914 02:45.590251557115586
1556619372 01:52.23988587648278 02:45.60003395569775
1556619972 01:52.22881494179109 02:45.61118479065863
1556620572 01:52.209646605892516 02:45.6305208757592
1556621172 01:52.18930702047684 02:45.650290646800855
1556621772 01:52.18472071971739 02:45.65495321487949
1556622373 01:52.17815733984392 02:45.66161580584855
1556622972 01:52.176237709525296 02:45.663910252347335
1556623573 01:52.17509515317508 02:45.66606098511578
1556624173 01:52.174435721251875 02:45.66728492261939
1556624773 01:52.17351838823002 02:45.6682149763988
1556625372 01:52.173038913631395 02:45.66874604091329
1556625972 01:52.174078719060034 02:45.668249988358326
1556626573 01:52.17010426471056 02:45.67299095178803
1556627173 01:52.16072185464359 02:45.68210991234758
1556627773 01:52.155046690472176 02:45.68835657843048
1556628372 01:52.14260495523308 02:45.70122662663205
1556628972 01:52.1252775054249 02:45.718597237961035
1556629572 01:52.11197022383085 02:45.73229800914034
1556630172 01:52.10080393551453 02:45.743481061616215
1556630773 01:52.09181188430014 02:45.752778869676355
1556631372 01:52.08436460981331 02:45.7606532553796
1556631973 01:52.078625091262964 02:45.766639891522104
1556632572 01:52.07218511635045 02:45.773255262022126
1556633172 01:52.069655750544186 02:45.775539813920666
1556633772 01:52.07206254186032 02:45.77322064533345
1556634372 01:52.06797644815112 02:45.77743630882868
1556634972 01:52.05955160362055 02:45.785704201115195
1556635572 01:52.05300405162633 02:45.79229592468824
1556636172 01:52.05198861108214 02:45.7922104782856
1556636772 01:52.05177673276013 02:45.79207938379408
