1555815886 01:49.75048046323629 02:48.48256684665859
1555816186 01:49.75348444614891 02:48.47901359018203
1555816486 01:49.754332158888246 02:48.477074813738184
1555816786 01:49.75624772892025 02:48.47469234407975
1555817086 01:49.75594730732125 02:48.474247522916265
1555817387 01:49.754203734393876 02:48.47599614433264
1555817687 01:49.75710841193665 02:48.472585954904
1555817987 01:49.768530335964044 02:48.46083921754476
1555818288 01:49.77612542096082 02:48.453110672886
1555818587 01:49.775947630404296 02:48.45352966892306
1555818887 01:49.780452729492566 02:48.448910950735716
1555819187 01:49.78318026480175 02:48.446084859651194
1555819487 01:49.79215178153954 02:48.43725136503836
1555819787 01:49.800672794105864 02:48.42874927981554
1555820088 01:49.8049380778226 02:48.42449261485818
1555820387 01:49.80704747249504 02:48.422037793500394
1555820687 01:49.81013051748444 02:48.41828498335657
1555820986 01:49.81528319256182 02:48.41242004446682
1555821286 01:49.823027209468755 02:48.40375893899563
1555821586 01:49.8205672930956 02:48.40482619740655
1555821886 01:49.82324580747125 02:48.40222916964786
1555822186 01:49.82352731953842 02:48.401955357984136
1555822486 01:49.82310056565075 02:48.40178007918151
1555822786 01:49.82151500540512 02:48.40310777680485
1555823086 01:49.819757079857766 02:48.40475181869459
1555823386 01:49.83017502791414 02:48.39389734996322
1555823688 01:49.83939467001465 02:48.383800954165096
1555823987 01:49.83962986772878 02:48.38325987615647
1555824287 01:49.843955765416496 02:48.37718263846224
1555824587 01:49.83849010409418 02:48.382476338455845
1555824888 01:49.836262946462426 02:48.38441808887081
1555825187 01:49.8359997961743 02:48.38419148081281
1555825487 01:49.83528107425841 02:48.38472705324933
1555825788 01:49.844653825584636 02:48.37501867865247
1555826087 01:49.866988075590655 02:48.352551211968574
1555826387 01:49.88219777536845 02:48.335736401481846
1555826687 01:49.88223735796366 02:48.33664859617821
1555826988 01:49.889616098107936 02:48.32873354545437
1555827286 01:49.89102481500052 02:48.32716617494292
1555827586 01:49.89649031043023 02:48.32180442852225
1555827886 01:49.902995696925316 02:48.31537109714844
1555828187 01:49.91194176132671 02:48.30634075935795
1555828486 01:49.91621270221274 02:48.3021909885648
1555828786 01:49.92029065990511 02:48.29779030325154
1555829087 01:49.924671755467614 02:48.29313935534073
1555829386 01:49.92843289566822 02:48.289162388991556
1555829686 01:49.93180931762428 02:48.2853157278271
1555829988 01:49.93613447331583 02:48.280485770276364
1555830288 01:49.94465315767202 02:48.27175109138387
1555830588 01:49.9493789958706 02:48.26711535887888
1555830888 01:49.95858849611531 02:48.25768496087552
1555831188 01:49.964997651947165 02:48.251199290660864
1555831488 01:49.96520082371995 02:48.251166086901094
1555831788 01:49.962438063692105 02:48.25386601734884
1555832088 01:49.963594766390344 02:48.252668896382126
1555832388 01:49.96184700101593 02:48.25418690327084
1555832688 01:49.954987738989644 02:48.26093893808932
1555832987 01:49.951724482175344 02:48.2638529369482
1555833287 01:49.95498367990292 02:48.25998160615767
1555833587 01:49.963039751248935 02:48.251968855498916
1555833887 01:49.968785450245804 02:48.246145341454266
1555834187 01:49.97895021744294 02:48.2358447657756
1555834487 01:49.994558904455495 02:48.21945874992124
1555834787 01:50.00293886827125 02:48.21024110903201
1555835087 01:50.018775999535556 02:48.19201905452306
1555835387 01:50.02435992184896 02:48.18574040045885
1555835693 01:50.02544410464331 02:48.18403626980243
1555835988 01:50.04174223178013 02:48.166980048916976
1555836288 01:50.048682569856076 02:48.15980004084102
1555836587 01:50.05806111341514 02:48.150171923556044
1555836887 01:50.06124327830066 02:48.14670401979572
1555837187 01:50.07300617112096 02:48.13434358724826
1555837488 01:50.09065226112103 02:48.11646312361858
1555837788 01:50.0973346335912 02:48.107784114427226
1555838088 01:50.1114001138274 02:48.093051522208604
1555838387 01:50.123460457509495 02:48.08029601973496
1555838687 01:50.1391238432229 02:48.0636272942882
1555838987 01:50.15199060268047 02:48.05029578227607
1555839288 01:50.16366790303054 02:48.03843048821371
1555839588 01:50.177198391240964 02:48.02414335708124
1555839888 01:50.18991485054739 02:48.0095212780775
1555840188 01:50.21107279205809 02:47.987625946279024
1555840488 01:50.22842030168675 02:47.9695883181001
1555840788 01:50.24011738378667 02:47.95708663815206
1555841089 01:50.25586924387978 02:47.940032716268604
1555841388 01:50.26787303829696 02:47.926700478719205
1555841688 01:50.27645511514335 02:47.91783725547128
1555841988 01:50.29135012919006 02:47.9023055102237
1555842288 01:50.30442564584213 02:47.88849251483351
1555842588 01:50.30833853653658 02:47.882712993755696
1555842887 01:50.31622028177387 02:47.87482914964129
1555843187 01:50.32241826425719 02:47.868385368893755
1555843487 01:50.33764774819919 02:47.85255301040231
1555843788 01:50.34091838852771 02:47.84870688823918
1555844087 01:50.350609666615206 02:47.83810034934732
1555844387 01:50.353508249038114 02:47.835017416128665
1555844688 01:50.35104367778038 02:47.83712642029015
1555844988 01:50.34675551323324 02:47.84075794984451
1555845288 01:50.339597154059824 02:47.84758477310852
1555845588 01:50.3373999995694 02:47.849229396531626
1555845888 01:50.33068093331601 02:47.85560302692861
1555846188 01:50.32591730564402 02:47.85975910791763
1555846488 01:50.33331937140619 02:47.850040096321486
1555846787 01:50.329242333251564 02:47.85394763181563
1555847087 01:50.32994359102505 02:47.85304775223236
1555847387 01:50.32445482343948 02:47.85841370093332
1555847688 01:50.324951620635694 02:47.85792979005131
1555847988 01:50.32812905499 02:47.85433240565585
1555848288 01:50.32752590282391 02:47.85451119769136
1555848588 01:50.33468127429168 02:47.84653867365251
1555848888 01:50.33666197344363 02:47.844341386355424
1555849188 01:50.34619261285983 02:47.83466682095449
1555849488 01:50.3577757458189 02:47.82284940730318
1555849788 01:50.364592620693024 02:47.81545706980226
1555850088 01:50.37640008131047 02:47.80347753486943
1555850388 01:50.37890497863344 02:47.80047971399969
1555850689 01:50.38040966358298 02:47.798324057639476
1555850988 01:50.389098949124076 02:47.78888288242087
1555851288 01:50.39854205390848 02:47.778693568121675
1555851588 01:50.40872056483835 02:47.76761079003074
1555851888 01:50.412145818649876 02:47.76376438978065
1555852188 01:50.40845024964704 02:47.76735894284087
1555852488 01:50.40652391895163 02:47.7688113804367
1555852788 01:50.4174585976383 02:47.7567078223651
1555853088 01:50.42796678142623 02:47.74546686026344
1555853388 01:50.43128935512286 02:47.74193809800116
1555853688 01:50.43115821702307 02:47.741533977233004
1555853988 01:50.428583826163596 02:47.74325367411527
1555854288 01:50.42964948460794 02:47.741995980020334
1555854588 01:50.423202280416426 02:47.74780612111777
1555854888 01:50.41435382323867 02:47.75669271589941
1555855187 01:50.41027497060598 02:47.76007845849205
1555855487 01:50.414697243801555 02:47.754390000310515
1555855787 01:50.41445200277196 02:47.75348516395502
1555856087 01:50.412574216333326 02:47.75451639985746
1555856387 01:50.40707847377948 02:47.75865471520876
1555856687 01:50.41023202601696 02:47.75464900782429
1555856987 01:50.41009419704958 02:47.75450162290268
1555857287 01:50.40780611638967 02:47.75639376621996
1555857587 01:50.410295661317996 02:47.75315070770335
1555857888 01:50.4051379056712 02:47.75821019076339
1555858187 01:50.402991982663735 02:47.75966530392383
1555858487 01:50.4087079554098 02:47.75278475467952
1555858789 01:50.40531404171108 02:47.7553746279714
1555859088 01:50.402586260165826 02:47.75735214742274
1555859388 01:50.4025692998504 02:47.75666188510883
1555859689 01:50.4082337749185 02:47.75015957236409
1555859988 01:50.41510985035615 02:47.74252328568841
1555860288 01:50.41706869652558 02:47.74005867895742
1555860587 01:50.415208784247476 02:47.74183075542417
1555860887 01:50.41138780457955 02:47.745304185790566
